-64,-95,15,6,3,0,0,0,0,0,0,0,2,-26,0,8,-1,-22,0,20,0,-19,0,-23,2,23,1,7,0,-21,2,18,1,19,1,-13,1,7,2,0,0,23,3,-11,2,6,3,28,5,10,5,-1,3,14,2,-13,2,14,4,26,4,-10,2,7,0,-8,1,7,0,8,0,-26,-1,22,1,17,2,3,0,22,0,-30,-1,-19,0,12,-1,23,-2,-3,-2,9,-1,9,-2,-9,-2,-1,-1,-19,-3,25,-5,0,-3,-21,-3,22,0,0,0,0,0,0,0,0,0,0,0,0,0,0,0,0,0,0,0,0
-65,-95,15,6,3,1,0,0,0,0,0,0,-1,-27,1,9,1,-22,1,20,1,-22,2,-23,0,25,0,7,2,-21,1,19,1,18,4,-13,2,6,3,0,1,24,2,-12,2,6,4,28,1,11,3,0,0,15,1,-16,2,13,4,27,1,-8,1,7,1,-10,2,7,0,6,0,-25,0,23,1,17,0,6,-1,22,-1,-28,0,-19,0,12,0,23,-4,-2,-2,11,0,9,0,-8,-3,0,-2,-20,-6,24,-3,0,-5,-20,-4,24,0,0,0,0,0,0,0,0,0,0,0,0,0,0,0,0,0,0,0,0
-65,-95,15,6,3,2,0,0,0,0,0,0,1,-26,0,8,0,-22,1,20,1,-20,3,-24,1,23,1,8,1,-22,2,17,2,19,3,-13,3,8,4,0,2,24,2,-12,2,6,3,28,2,11,2,-2,1,16,2,-14,2,14,2,26,3,-10,2,6,0,-10,3,4,0,5,0,-24,0,22,0,14,1,4,2,22,-1,-29,0,-18,0,11,0,22,1,-1,0,10,0,9,0,-10,-2,0,-1,-18,-2,25,-2,0,-3,-21,-2,24,0,0,0,0,0,0,0,0,0,0,0,0,0,0,0,0,0,0,0,0
-62,-95,15,6,3,3,0,0,0,0,0,0,0,-27,0,9,0,-23,0,20,1,-18,1,-23,1,23,1,8,3,-23,0,17,2,19,2,-13,1,7,5,0,4,23,4,-11,3,5,3,28,2,10,2,-1,3,15,1,-14,1,14,4,26,0,-7,3,7,1,-12,2,7,2,6,0,-23,2,23,0,15,1,4,0,23,0,-28,0,-18,0,12,0,23,-3,-2,0,11,-1,9,-1,-9,0,0,-1,-18,-6,25,0,-1,-1,-20,-4,23,0,0,0,0,0,0,0,0,0,0,0,0,0,0,0,0,0,0,0,0
-65,-95,15,6,3,4,0,0,0,0,0,0,0,-26,0,9,1,-23,0,20,1,-19,2,-24,1,24,1,7,2,-21,1,16,2,18,1,-13,2,7,6,-2,3,24,4,-13,2,6,4,30,2,10,2,0,1,14,2,-16,4,14,4,26,4,-8,0,6,3,-8,3,7,2,7,2,-24,0,21,2,16,0,4,-1,23,1,-29,-1,-17,0,11,-1,22,-4,-1,-1,10,0,10,-1,-8,-1,-1,-2,-17,-4,24,-2,0,-3,-21,-4,24,0,0,0,0,0,0,0,0,0,0,0,0,0,0,0,0,0,0,0,0
-63,-95,15,6,3,5,0,0,0,0,0,0,0,-28,0,8,0,-22,0,20,2,-19,1,-24,1,24,2,8,3,-21,4,18,2,19,1,-12,1,7,3,0,3,24,4,-11,3,7,1,29,3,11,3,0,2,16,2,-14,1,14,5,25,5,-6,2,7,3,-10,1,6,0,7,2,-23,0,22,-1,15,2,6,0,24,0,-27,0,-18,0,12,0,22,-1,-1,-1,11,1,9,0,-9,-1,-1,-2,-18,-2,26,0,0,-2,-19,-3,22,0,0,0,0,0,0,0,0,0,0,0,0,0,0,0,0,0,0,0,0
-68,-95,15,6,3,6,0,0,0,0,0,0,0,-27,0,8,0,-22,0,20,2,-19,2,-22,1,23,1,8,3,-21,3,17,2,21,1,-13,2,9,3,0,4,24,5,-11,4,7,3,30,2,11,4,0,2,14,2,-15,1,13,5,26,1,-7,2,7,0,-12,3,6,1,8,2,-24,0,22,3,15,0,3,2,23,2,-27,-1,-18,0,12,-1,24,0,0,-1,11,0,9,-1,-9,-1,-1,0,-18,-3,25,-4,0,-4,-20,-4,23,0,0,0,0,0,0,0,0,0,0,0,0,0,0,0,0,0,0,0,0
-67,-95,15,6,3,7,0,0,0,0,0,0,1,-27,0,10,1,-21,0,21,3,-19,2,-24,2,23,1,8,6,-20,3,19,3,20,2,-13,3,7,6,0,2,23,8,-10,2,6,3,31,2,10,3,0,3,16,3,-15,1,15,2,28,1,-11,3,9,3,-11,1,7,2,6,3,-27,1,22,1,15,0,2,0,24,2,-28,-2,-18,-1,12,-1,23,0,-1,0,11,-1,10,0,-9,-1,0,-2,-19,-2,24,-1,-1,-2,-22,-1,23,0,0,0,0,0,0,0,0,0,0,0,0,0,0,0,0,0,0,0,0
-67,-95,15,6,3,8,0,0,0,0,0,0,0,-27,2,10,0,-20,0,21,1,-19,3,-24,2,25,1,9,3,-22,3,18,2,20,2,-12,2,7,6,0,4,23,5,-12,4,7,3,28,3,12,5,-1,3,16,2,-15,2,14,6,29,5,-7,3,7,1,-9,0,8,2,6,1,-24,1,22,2,15,1,7,0,23,0,-27,-1,-17,0,11,0,23,-1,-2,-1,11,0,9,-1,-9,-1,-1,-2,-17,-1,27,-2,0,-1,-20,-2,25,0,0,0,0,0,0,0,0,0,0,0,0,0,0,0,0,0,0,0,0
-63,-95,15,6,3,9,0,0,0,0,0,0,1,-26,1,9,2,-21,0,21,3,-18,4,-22,2,24,3,8,5,-20,2,18,2,20,3,-11,3,6,8,0,4,24,5,-10,4,6,6,32,2,11,2,0,2,15,2,-14,3,15,3,26,5,-8,3,7,2,-10,4,8,1,7,1,-25,1,23,2,16,2,6,0,24,-1,-28,2,-17,1,13,0,23,0,-1,0,11,0,9,0,-8,0,0,0,-18,-2,27,0,0,-1,-20,-1,22,0,0,0,0,0,0,0,0,0,0,0,0,0,0,0,0,0,0,0,0
-67,-95,15,6,3,10,0,0,0,0,0,0,0,-27,1,10,4,-21,1,21,2,-19,3,-22,2,25,1,8,1,-21,3,19,3,19,2,-11,2,8,7,3,2,25,3,-11,2,6,4,29,5,13,8,0,3,16,2,-15,2,15,5,29,6,-9,3,8,2,-8,4,6,2,8,1,-25,0,23,1,16,1,6,1,24,0,-27,2,-18,0,12,0,23,0,-2,0,9,-1,10,-1,-9,1,0,-1,-17,-4,27,0,0,-1,-19,-4,24,0,0,0,0,0,0,0,0,0,0,0,0,0,0,0,0,0,0,0,0
-66,-95,15,6,3,11,0,0,0,0,0,0,1,-25,3,8,1,-21,0,20,2,-17,4,-22,3,23,2,8,4,-22,2,18,3,20,4,-13,3,7,6,0,4,24,5,-11,4,7,2,29,3,12,7,0,2,16,4,-14,3,15,6,31,4,-7,0,9,3,-8,1,5,3,7,5,-24,2,22,4,17,2,7,0,24,0,-26,4,-18,0,13,-1,23,1,0,0,10,0,9,0,-9,1,-1,-1,-16,0,27,-1,1,0,-20,-2,24,0,0,0,0,0,0,0,0,0,0,0,0,0,0,0,0,0,0,0,0
-68,-95,15,6,3,12,0,0,0,0,0,0,0,-27,0,10,3,-21,1,21,1,-17,3,-23,3,25,2,7,5,-21,5,18,4,20,5,-12,3,7,10,2,4,23,6,-10,3,7,3,30,5,11,5,0,3,15,3,-14,3,15,7,27,4,-7,2,7,3,-8,2,7,2,7,4,-25,1,22,2,17,2,6,1,24,1,-26,1,-15,0,11,0,23,-1,-3,0,11,0,10,0,-8,-1,0,0,-18,-1,26,0,0,1,-19,0,23,0,0,0,0,0,0,0,0,0,0,0,0,0,0,0,0,0,0,0,0
-66,-95,15,6,3,13,0,0,0,0,0,0,1,-26,1,9,3,-21,0,21,2,-19,5,-23,4,23,3,8,4,-22,2,19,4,20,3,-13,4,7,6,0,4,24,6,-9,5,6,2,31,3,10,7,0,2,15,3,-15,3,15,4,28,6,-6,2,7,2,-10,3,8,1,8,0,-24,2,23,2,17,2,7,1,24,2,-28,1,-16,1,11,0,23,0,-3,0,11,0,9,0,-9,-1,-1,0,-17,-1,26,-2,-1,0,-19,-1,26,0,0,0,0,0,0,0,0,0,0,0,0,0,0,0,0,0,0,0,0
-65,-95,15,6,3,14,0,0,0,0,0,0,2,-26,2,8,0,-21,1,21,3,-20,4,-21,2,24,2,8,6,-21,3,19,3,19,5,-13,5,8,6,2,4,25,6,-11,3,8,4,28,3,11,8,0,3,16,3,-15,3,15,7,28,3,-8,3,8,3,-8,2,6,1,8,1,-24,0,23,1,18,2,6,0,24,1,-27,0,-17,0,13,0,23,1,0,0,11,0,10,-1,-9,0,0,0,-19,0,25,-1,0,-3,-20,-1,23,0,0,0,0,0,0,0,0,0,0,0,0,0,0,0,0,0,0,0,0
-68,-95,15,6,3,15,0,0,0,0,0,0,2,-26,3,9,1,-21,1,20,4,-19,2,-22,4,23,2,7,4,-20,3,18,4,18,4,-13,3,7,7,2,5,25,7,-10,5,7,6,30,4,12,5,0,3,16,4,-14,3,16,4,29,5,-6,6,6,5,-10,4,7,2,8,1,-24,1,23,2,17,3,6,4,24,4,-26,2,-18,0,14,0,24,0,0,-1,10,0,10,0,-9,0,0,0,-17,0,25,0,0,2,-21,0,26,0,0,0,0,0,0,0,0,0,0,0,0,0,0,0,0,0,0,0,0
-68,-95,15,6,3,16,0,0,0,0,0,0,1,-25,2,9,3,-20,1,20,3,-18,4,-22,3,24,3,7,5,-20,3,19,2,20,4,-11,4,7,8,2,3,22,7,-10,5,8,6,29,3,11,5,0,4,16,5,-13,4,14,10,29,7,-6,2,7,3,-10,1,9,3,6,2,-24,1,22,1,17,1,3,2,22,2,-27,2,-15,0,12,-1,23,0,0,0,10,1,11,0,-8,0,-1,0,-18,-1,27,0,1,0,-18,1,25,0,0,0,0,0,0,0,0,0,0,0,0,0,0,0,0,0,0,0,0
-65,-95,15,6,3,17,0,0,0,0,0,0,1,-26,3,12,3,-21,1,20,3,-16,3,-22,3,24,3,8,4,-21,2,18,5,19,4,-14,5,7,6,3,6,26,3,-9,4,9,6,29,3,13,7,1,4,16,1,-13,4,15,8,29,5,-10,4,9,6,-9,6,6,3,8,4,-22,2,23,2,18,3,5,0,24,1,-26,4,-17,1,12,0,25,2,-1,3,11,1,10,0,-8,0,1,-1,-18,0,26,0,0,0,-18,1,26,0,0,0,0,0,0,0,0,0,0,0,0,0,0,0,0,0,0,0,0
-65,-95,15,6,3,18,0,0,0,0,0,0,2,-26,3,9,3,-22,0,21,4,-18,5,-21,5,25,1,10,3,-20,4,18,3,20,4,-12,5,7,6,2,7,24,7,-9,4,7,5,30,3,12,9,0,4,16,4,-14,4,16,7,27,7,-7,5,9,3,-9,3,8,2,7,4,-23,4,23,1,18,3,6,1,23,0,-27,0,-16,1,13,2,23,0,0,0,12,0,10,0,-9,0,0,2,-15,0,26,1,1,0,-18,-1,24,0,0,0,0,0,0,0,0,0,0,0,0,0,0,0,0,0,0,0,0
-67,-95,15,6,3,19,0,0,0,0,0,0,3,-26,3,10,3,-21,2,21,4,-18,6,-23,4,24,2,9,5,-22,4,19,3,20,3,-13,5,10,7,2,5,24,8,-9,6,9,4,30,5,11,7,0,4,16,3,-13,4,15,9,30,7,-6,4,8,3,-10,7,6,2,8,2,-22,2,23,1,18,3,5,3,25,2,-28,3,-18,2,13,0,23,2,0,0,13,0,10,0,-8,0,0,0,-18,0,26,0,0,-2,-17,-1,25,0,0,0,0,0,0,0,0,0,0,0,0,0,0,0,0,0,0,0,0
-64,-95,15,6,3,20,0,0,0,0,0,0,2,-26,3,8,5,-20,1,21,3,-17,3,-22,4,25,2,8,5,-20,6,18,4,20,3,-13,6,8,8,2,5,25,7,-10,6,8,6,31,5,10,5,1,4,15,2,-14,4,14,7,28,4,-6,3,7,2,-9,6,9,3,8,4,-22,4,23,5,17,4,8,1,24,2,-27,3,-15,1,13,2,23,0,0,1,11,0,10,0,-9,0,0,0,-17,1,28,1,1,0,-20,0,26,0,0,0,0,0,0,0,0,0,0,0,0,0,0,0,0,0,0,0,0
-68,-95,15,6,3,21,0,0,0,0,0,0,3,-26,4,10,3,-22,1,21,3,-18,5,-23,3,25,4,8,2,-20,6,18,5,19,5,-11,4,8,5,1,6,25,8,-8,5,8,7,32,4,13,5,0,2,16,3,-14,3,16,10,29,6,-9,3,10,5,-8,3,10,3,9,3,-22,2,24,0,19,5,8,3,25,0,-26,1,-17,1,12,0,23,3,0,2,12,0,9,0,-8,1,0,0,-18,2,27,0,0,3,-18,1,25,0,0,0,0,0,0,0,0,0,0,0,0,0,0,0,0,0,0,0,0
-66,-95,15,6,3,22,0,0,0,0,0,0,5,-25,5,10,6,-20,2,21,4,-17,4,-21,3,26,3,8,5,-19,5,19,5,20,4,-11,5,8,10,1,8,23,7,-9,6,7,5,32,5,13,8,1,3,16,5,-14,4,14,10,33,4,-8,5,9,4,-9,4,9,3,8,4,-23,1,24,4,17,4,6,2,25,2,-27,3,-17,0,13,0,24,0,0,2,11,0,9,0,-8,-1,0,1,-17,2,25,2,1,1,-18,-1,26,0,0,0,0,0,0,0,0,0,0,0,0,0,0,0,0,0,0,0,0
-66,-95,15,6,3,23,0,0,0,0,0,0,3,-26,4,9,3,-21,2,20,4,-17,4,-22,5,27,3,9,5,-21,6,20,5,20,6,-11,5,10,7,3,6,24,9,-9,5,8,8,30,4,12,9,-1,4,17,5,-12,6,16,6,30,7,-6,6,8,6,-8,3,8,4,7,3,-23,3,23,4,17,3,9,1,23,0,-26,3,-15,0,13,0,24,2,0,-1,12,1,10,0,-9,0,1,0,-17,0,26,0,0,1,-19,1,23,0,0,0,0,0,0,0,0,0,0,0,0,0,0,0,0,0,0,0,0
-64,-95,15,6,3,24,0,0,0,0,0,0,4,-24,5,12,4,-20,1,21,4,-18,5,-20,3,26,3,9,8,-19,4,19,4,20,7,-11,6,8,10,1,9,25,10,-9,5,7,8,31,6,12,9,0,4,17,6,-13,3,15,9,31,6,-6,6,9,6,-9,5,6,3,10,4,-24,1,24,3,20,2,8,3,23,1,-26,5,-16,0,12,1,24,1,-1,2,12,1,10,0,-8,0,2,0,-17,0,26,0,0,0,-19,2,26,0,0,0,0,0,0,0,0,0,0,0,0,0,0,0,0,0,0,0,0
-66,-95,15,6,3,25,0,0,0,0,0,0,4,-26,2,11,4,-21,2,21,5,-17,5,-21,6,25,3,8,6,-20,4,20,5,21,6,-14,6,8,10,4,7,26,5,-7,6,9,6,30,4,12,7,2,4,17,7,-13,5,16,7,32,9,-7,5,10,5,-9,6,10,0,9,4,-24,3,23,3,18,5,9,2,24,1,-26,1,-16,2,13,1,24,0,0,1,12,1,10,0,-8,1,0,0,-16,0,27,3,1,3,-18,3,27,0,0,0,0,0,0,0,0,0,0,0,0,0,0,0,0,0,0,0,0
-67,-95,15,6,3,26,0,0,0,0,0,0,2,-25,5,12,5,-22,3,21,6,-15,4,-20,4,26,4,8,6,-20,5,19,4,20,4,-10,7,9,8,2,6,25,8,-10,5,8,6,31,5,11,9,3,4,16,4,-14,4,16,10,31,7,-8,6,9,2,-9,6,8,2,9,6,-23,2,23,3,16,3,6,3,25,2,-26,2,-15,1,12,2,24,2,0,1,12,0,9,0,-8,0,0,0,-17,2,28,1,0,0,-18,0,27,0,0,0,0,0,0,0,0,0,0,0,0,0,0,0,0,0,0,0,0
-63,-95,15,6,3,27,0,0,0,0,0,0,4,-26,2,10,6,-20,2,20,5,-17,8,-21,4,26,4,9,5,-19,8,19,6,19,5,-13,4,8,10,2,6,24,11,-9,4,9,8,31,3,14,10,0,5,16,4,-13,4,17,10,30,7,-6,6,10,3,-8,6,10,2,7,6,-22,1,24,5,17,7,6,2,24,3,-27,5,-15,2,13,0,25,0,-1,4,12,1,10,1,-8,2,0,2,-17,3,27,0,0,1,-18,1,25,0,0,0,0,0,0,0,0,0,0,0,0,0,0,0,0,0,0,0,0
-63,-95,15,6,3,28,0,0,0,0,0,0,3,-25,5,10,5,-20,3,21,3,-19,7,-21,5,24,3,9,7,-19,6,19,4,21,6,-10,5,9,10,4,4,25,10,-12,7,8,5,30,6,13,10,1,4,17,5,-13,5,16,12,30,8,-6,6,10,5,-7,7,8,4,8,5,-22,3,24,3,19,2,6,1,26,3,-28,4,-14,2,13,2,24,3,0,3,12,0,10,1,-8,0,0,0,-18,3,27,3,1,1,-18,1,22,0,0,0,0,0,0,0,0,0,0,0,0,0,0,0,0,0,0,0,0
-67,-95,15,6,3,29,0,0,0,0,0,0,4,-24,6,9,5,-20,1,20,5,-15,5,-22,5,25,4,8,7,-19,6,20,4,20,6,-13,6,10,10,3,5,25,8,-9,7,8,5,31,5,12,8,0,4,16,5,-13,4,16,10,32,4,-5,6,9,5,-7,5,9,3,7,2,-22,2,24,4,18,8,8,3,25,3,-26,3,-13,1,13,1,24,5,0,1,12,1,10,0,-8,0,0,1,-18,2,27,2,1,4,-17,2,25,0,0,0,0,0,0,0,0,0,0,0,0,0,0,0,0,0,0,0,0
-63,-95,15,6,3,30,0,0,0,0,0,0,5,-25,7,11,5,-21,2,21,5,-16,6,-22,6,25,5,9,5,-21,6,19,7,20,5,-11,6,8,13,2,8,26,10,-8,6,8,10,30,6,12,6,2,4,17,4,-13,5,15,13,31,8,-6,4,9,4,-7,5,8,4,9,6,-23,3,25,4,18,5,9,2,24,2,-27,4,-16,1,13,1,24,4,2,3,12,1,10,1,-8,0,0,0,-16,2,28,2,0,0,-20,2,27,0,0,0,0,0,0,0,0,0,0,0,0,0,0,0,0,0,0,0,0
-68,-95,15,6,3,31,0,0,0,0,0,0,1,-25,5,11,4,-19,2,22,7,-17,7,-20,5,26,3,8,6,-19,6,20,5,22,5,-11,6,8,9,2,6,23,8,-8,4,10,6,32,4,14,9,2,3,16,5,-13,5,16,7,32,5,-5,5,11,6,-6,9,9,3,8,5,-23,4,23,4,17,4,8,4,25,2,-26,3,-14,2,13,1,24,4,1,4,12,1,11,0,-8,0,0,-1,-17,3,30,2,0,0,-18,2,28,0,0,0,0,0,0,0,0,0,0,0,0,0,0,0,0,0,0,0,0
-68,-95,15,6,3,32,0,0,0,0,0,0,4,-25,4,10,4,-20,2,21,4,-17,5,-18,6,25,5,9,7,-19,6,19,3,21,7,-11,5,9,10,4,7,26,10,-10,9,9,8,32,5,15,5,2,5,15,5,-13,6,16,9,30,5,-6,4,9,5,-8,6,10,4,8,5,-21,3,25,4,18,8,8,2,26,4,-27,6,-16,1,14,1,24,0,0,2,12,1,10,0,-9,1,1,-1,-16,1,30,0,0,0,-17,1,24,0,0,0,0,0,0,0,0,0,0,0,0,0,0,0,0,0,0,0,0
-65,-95,15,6,3,33,0,0,0,0,0,0,5,-25,6,11,7,-19,1,21,4,-16,7,-20,6,26,5,9,7,-20,6,18,5,20,7,-12,7,7,11,3,8,25,10,-9,6,9,8,31,6,11,8,1,6,17,6,-13,6,16,12,33,6,-6,5,10,6,-8,7,10,1,8,5,-21,4,26,6,18,3,8,4,24,1,-26,6,-15,2,14,1,24,3,0,0,13,0,10,2,-8,2,0,0,-16,-1,29,0,0,2,-18,0,26,0,0,0,0,0,0,0,0,0,0,0,0,0,0,0,0,0,0,0,0
-65,-95,15,6,3,34,0,0,0,0,0,0,5,-25,5,11,5,-21,2,21,5,-19,6,-20,4,26,4,9,8,-19,6,21,6,20,7,-11,5,9,9,3,7,26,8,-8,8,10,9,32,5,13,9,2,5,17,6,-13,6,16,9,30,9,-6,5,10,5,-9,6,9,4,9,4,-22,4,24,8,17,6,9,5,25,4,-25,4,-16,1,14,2,25,7,2,1,13,0,9,0,-8,1,0,0,-16,2,28,2,1,3,-18,2,27,0,0,0,0,0,0,0,0,0,0,0,0,0,0,0,0,0,0,0,0
-63,-95,15,6,3,35,0,0,0,0,0,0,3,-24,3,10,4,-20,2,21,7,-18,7,-20,4,25,5,9,8,-20,5,21,6,21,7,-11,7,10,11,3,7,26,9,-7,7,10,7,31,4,14,8,2,4,18,5,-13,6,16,11,32,7,-5,5,10,6,-8,4,7,3,9,6,-21,5,25,7,20,5,8,4,26,4,-26,6,-15,2,14,0,25,5,0,1,14,0,10,1,-8,2,1,2,-17,2,28,2,0,3,-20,2,27,0,0,0,0,0,0,0,0,0,0,0,0,0,0,0,0,0,0,0,0
-67,-95,15,6,3,36,0,0,0,0,0,0,4,-25,4,10,8,-22,3,21,5,-18,8,-22,5,24,4,8,9,-20,6,20,7,21,5,-10,6,9,11,5,10,26,10,-9,5,9,9,32,6,13,9,0,6,17,5,-13,6,15,11,30,6,-5,5,9,5,-8,4,9,3,10,7,-21,4,24,3,18,3,9,2,26,3,-25,5,-16,2,14,2,25,2,0,5,13,1,10,0,-7,2,0,1,-16,2,28,2,1,3,-19,4,27,0,0,0,0,0,0,0,0,0,0,0,0,0,0,0,0,0,0,0,0
-64,-95,15,6,3,37,0,0,0,0,0,0,5,-25,5,12,5,-21,3,21,5,-17,7,-19,7,26,3,9,9,-20,6,20,7,20,7,-11,8,9,13,5,7,25,7,-8,6,8,6,33,4,15,11,0,5,18,5,-13,6,17,9,31,6,-4,4,9,5,-8,8,9,4,8,5,-21,5,24,5,18,4,9,4,25,2,-26,7,-13,1,14,2,24,6,0,1,12,2,10,0,-8,0,0,2,-16,1,27,1,0,2,-18,2,26,0,0,0,0,0,0,0,0,0,0,0,0,0,0,0,0,0,0,0,0
-65,-95,15,6,3,38,0,0,0,0,0,0,4,-25,5,12,5,-19,2,21,9,-18,6,-22,4,27,5,8,8,-19,6,20,7,20,6,-12,7,9,9,4,5,25,10,-10,6,9,6,31,7,13,6,1,5,17,6,-13,4,16,6,31,9,-3,6,9,6,-8,6,11,5,8,5,-21,4,25,3,20,7,9,3,25,1,-24,3,-15,2,13,2,24,6,0,1,12,0,10,1,-8,1,0,0,-16,2,29,0,0,3,-17,2,26,0,0,0,0,0,0,0,0,0,0,0,0,0,0,0,0,0,0,0,0
-62,-95,15,6,3,39,0,0,0,0,0,0,5,-24,5,10,7,-19,2,21,6,-18,7,-23,5,25,5,9,9,-19,5,19,5,21,4,-11,7,9,14,2,8,25,6,-8,6,9,8,33,5,13,11,1,5,17,6,-13,6,16,11,32,7,-4,5,9,7,-7,7,9,4,9,8,-21,4,25,2,17,5,8,3,26,4,-25,6,-15,1,14,3,24,3,1,0,11,1,10,2,-8,1,0,3,-16,3,26,1,1,3,-18,2,27,0,0,0,0,0,0,0,0,0,0,0,0,0,0,0,0,0,0,0,0
-66,-95,15,6,3,40,0,0,0,0,0,0,6,-24,5,11,5,-21,2,21,4,-16,9,-19,7,26,5,11,9,-19,6,20,6,20,5,-11,8,8,14,5,10,25,11,-7,8,10,7,33,6,13,10,3,5,17,5,-12,5,17,12,31,7,-4,6,10,5,-9,7,10,5,8,6,-21,4,23,5,18,5,10,4,24,4,-25,3,-14,2,13,2,25,2,2,3,11,2,10,1,-7,2,0,2,-17,5,27,1,2,4,-19,0,26,0,0,0,0,0,0,0,0,0,0,0,0,0,0,0,0,0,0,0,0
-67,-95,15,6,3,41,0,0,0,0,0,0,4,-24,5,11,6,-19,2,21,7,-15,8,-20,6,25,4,9,6,-19,6,20,6,21,7,-11,6,10,13,6,9,25,10,-9,7,10,9,30,7,14,13,2,5,17,6,-13,5,16,13,31,10,-6,6,10,6,-7,6,8,4,9,3,-22,4,25,3,18,7,7,5,25,4,-26,1,-16,2,14,2,26,1,2,3,13,3,10,0,-7,2,0,2,-17,2,29,3,0,2,-18,2,27,0,0,0,0,0,0,0,0,0,0,0,0,0,0,0,0,0,0,0,0
-65,-95,15,6,3,42,0,0,0,0,0,0,4,-24,6,11,8,-20,2,21,5,-16,5,-21,7,26,5,9,8,-20,7,22,6,21,7,-12,9,10,11,3,6,25,9,-8,8,10,7,31,6,13,5,0,5,17,5,-12,7,15,11,29,10,-6,5,10,6,-6,8,9,4,9,5,-22,5,24,3,19,6,8,5,25,4,-27,1,-15,2,13,1,26,5,0,2,12,1,10,2,-7,2,0,2,-15,3,28,2,1,0,-20,0,27,0,0,0,0,0,0,0,0,0,0,0,0,0,0,0,0,0,0,0,0
-66,-95,15,6,3,43,0,0,0,0,0,0,5,-24,5,10,7,-20,3,21,6,-15,7,-19,5,27,4,9,9,-18,8,19,5,21,6,-11,5,9,12,2,8,26,7,-8,6,9,9,32,5,13,8,2,5,17,6,-13,5,16,15,30,10,-4,4,9,4,-9,8,9,5,9,6,-22,3,25,4,17,8,9,2,25,4,-27,4,-14,2,14,1,25,4,0,6,14,2,10,2,-8,1,1,2,-15,2,30,3,0,2,-17,1,26,0,0,0,0,0,0,0,0,0,0,0,0,0,0,0,0,0,0,0,0
-68,-95,15,6,3,44,0,0,0,0,0,0,4,-24,6,11,8,-21,2,21,6,-17,7,-20,5,27,5,8,9,-19,7,20,6,21,5,-12,6,9,10,3,9,25,9,-7,7,9,8,32,6,13,10,2,5,17,5,-13,5,16,12,28,13,-6,3,10,6,-7,8,10,4,9,6,-22,4,24,6,18,5,8,5,25,4,-26,6,-16,2,13,3,25,4,0,1,13,2,10,2,-8,2,0,2,-16,4,28,0,0,0,-17,5,27,0,0,0,0,0,0,0,0,0,0,0,0,0,0,0,0,0,0,0,0
-68,-95,15,6,3,45,0,0,0,0,0,0,5,-23,7,10,5,-20,3,21,7,-17,7,-21,6,27,5,9,7,-20,7,20,5,21,7,-11,8,10,13,4,8,27,12,-8,7,10,7,32,7,12,9,3,5,18,5,-13,6,16,13,30,6,-5,6,9,8,-8,6,8,5,9,5,-21,4,24,6,17,7,6,4,24,3,-23,5,-15,1,13,2,24,4,0,6,13,2,11,1,-8,1,0,0,-17,1,27,2,2,4,-18,3,27,0,0,0,0,0,0,0,0,0,0,0,0,0,0,0,0,0,0,0,0
-62,-95,15,6,3,46,0,0,0,0,0,0,6,-24,6,11,5,-22,3,21,5,-17,7,-19,6,25,6,10,7,-19,9,20,6,22,6,-11,7,8,13,3,10,26,8,-9,7,10,8,32,7,14,11,0,6,17,5,-13,6,17,13,31,7,-3,5,10,6,-9,10,8,4,7,6,-22,6,25,6,19,4,8,2,25,3,-25,5,-15,1,13,3,24,5,1,2,14,0,11,1,-8,2,0,2,-16,5,28,4,1,3,-18,3,28,0,0,0,0,0,0,0,0,0,0,0,0,0,0,0,0,0,0,0,0
-64,-95,15,6,3,47,0,0,0,0,0,0,5,-23,5,11,6,-18,2,21,8,-16,6,-20,6,26,5,9,9,-19,7,19,7,21,7,-11,6,9,14,3,8,26,9,-8,7,11,9,31,6,14,10,3,6,18,5,-13,5,16,10,33,8,-6,6,10,4,-7,7,9,5,9,6,-24,7,25,4,18,9,8,5,25,2,-25,2,-15,2,13,2,25,4,1,1,14,0,10,1,-8,3,0,1,-16,4,28,3,1,2,-18,4,28,0,0,0,0,0,0,0,0,0,0,0,0,0,0,0,0,0,0,0,0
-68,-95,15,6,3,48,0,0,0,0,0,0,5,-24,6,9,7,-18,3,21,8,-17,6,-19,7,26,5,10,9,-20,7,20,5,22,6,-10,9,11,12,6,9,26,8,-9,5,8,9,32,5,14,10,3,5,17,7,-13,4,16,12,31,9,-5,5,9,7,-7,7,10,6,8,6,-21,4,23,9,19,8,9,5,25,5,-26,6,-15,1,14,1,25,2,3,3,13,2,10,0,-8,1,0,1,-17,2,31,3,1,1,-16,1,28,0,0,0,0,0,0,0,0,0,0,0,0,0,0,0,0,0,0,0,0
-64,-95,15,6,3,49,0,0,0,0,0,0,5,-24,6,11,8,-21,3,21,5,-17,6,-20,8,26,4,9,8,-19,7,20,5,20,8,-10,8,9,13,5,9,25,7,-7,7,9,7,31,4,14,8,2,4,17,5,-11,6,15,13,34,7,-6,5,9,7,-7,10,11,4,10,4,-22,3,23,5,19,5,9,2,26,6,-27,3,-13,1,15,3,24,6,4,3,13,2,11,2,-8,2,1,2,-16,4,28,2,2,1,-18,3,27,0,0,0,0,0,0,0,0,0,0,0,0,0,0,0,0,0,0,0,0
-65,-95,15,6,3,50,0,0,0,0,0,0,5,-25,6,10,7,-19,2,21,7,-18,7,-22,7,25,5,9,9,-17,8,20,7,21,9,-11,7,9,13,3,7,25,10,-8,9,9,11,33,6,13,10,3,5,16,6,-13,5,16,12,31,8,-5,6,10,5,-6,11,12,3,9,6,-22,5,24,4,18,8,8,4,25,4,-25,6,-14,1,13,2,24,4,3,3,13,1,10,1,-7,1,0,0,-16,4,26,5,1,0,-17,4,28,0,0,0,0,0,0,0,0,0,0,0,0,0,0,0,0,0,0,0,0
-63,-95,15,6,3,51,0,0,0,0,0,0,9,-24,6,12,5,-19,2,21,6,-18,8,-23,5,27,4,8,9,-18,5,21,7,21,7,-12,7,9,12,5,8,24,9,-10,6,9,9,31,8,14,12,2,4,18,6,-13,5,16,12,31,6,-4,7,10,7,-7,8,10,5,9,4,-22,4,24,5,19,6,9,5,25,5,-26,4,-17,2,13,3,24,4,2,4,12,1,12,1,-7,1,2,3,-17,2,29,2,0,5,-17,5,27,0,0,0,0,0,0,0,0,0,0,0,0,0,0,0,0,0,0,0,0
-67,-95,15,6,3,52,0,0,0,0,0,0,6,-24,4,10,7,-20,3,21,7,-17,9,-20,6,27,4,10,8,-19,7,20,6,20,6,-12,7,8,11,1,9,26,9,-8,8,9,10,31,7,13,10,1,5,17,5,-11,7,17,16,32,9,-4,6,11,7,-7,6,12,5,10,7,-20,5,23,4,18,4,10,1,27,5,-26,7,-14,3,14,3,25,5,0,2,11,1,11,2,-7,0,0,1,-16,2,27,3,1,2,-16,1,28,0,0,0,0,0,0,0,0,0,0,0,0,0,0,0,0,0,0,0,0
-65,-95,15,6,3,53,0,0,0,0,0,0,5,-24,6,11,9,-19,2,21,7,-16,8,-20,6,27,4,9,8,-18,6,20,8,22,7,-10,8,9,15,4,9,27,10,-8,8,8,8,32,5,13,10,3,6,17,5,-11,5,15,11,32,9,-5,7,12,7,-6,7,13,6,10,6,-23,5,25,5,18,4,8,4,27,4,-25,1,-14,3,14,3,25,6,0,3,12,2,10,1,-8,2,1,2,-17,6,29,2,1,2,-17,4,28,0,0,0,0,0,0,0,0,0,0,0,0,0,0,0,0,0,0,0,0
-63,-95,15,6,3,54,0,0,0,0,0,0,4,-25,9,10,5,-19,2,21,7,-17,8,-20,6,24,5,9,8,-20,9,19,5,21,6,-12,8,10,14,3,10,25,9,-9,7,11,8,31,6,14,10,2,5,17,5,-13,6,16,16,32,7,-6,5,10,7,-7,8,9,4,9,6,-23,5,25,5,17,4,10,4,25,3,-26,4,-15,2,13,2,23,4,3,2,12,2,12,0,-8,3,0,3,-16,3,26,2,0,1,-17,8,28,0,0,0,0,0,0,0,0,0,0,0,0,0,0,0,0,0,0,0,0
-64,-95,15,6,3,55,0,0,0,0,0,0,4,-24,4,11,7,-20,3,22,10,-15,6,-21,9,26,4,9,9,-19,8,19,5,21,6,-11,8,9,17,3,9,26,10,-9,8,9,9,31,7,13,12,2,5,16,5,-13,5,18,12,32,10,-4,7,10,5,-7,7,10,3,11,10,-21,4,25,6,19,6,8,4,26,4,-25,5,-16,1,14,3,25,3,3,2,11,2,10,1,-8,2,1,2,-16,2,29,1,2,3,-16,1,29,0,0,0,0,0,0,0,0,0,0,0,0,0,0,0,0,0,0,0,0
-66,-95,15,6,3,56,0,0,0,0,0,0,5,-24,4,11,5,-22,3,21,6,-18,9,-20,7,28,6,10,7,-20,7,19,6,21,6,-11,8,9,15,4,10,25,9,-9,10,9,11,32,6,14,10,1,6,18,5,-11,4,16,12,31,9,-6,7,9,5,-8,9,11,4,10,5,-23,2,26,5,19,7,10,4,26,1,-26,7,-15,2,13,3,25,5,2,3,12,2,11,1,-7,1,1,3,-17,4,30,3,1,4,-18,4,26,0,0,0,0,0,0,0,0,0,0,0,0,0,0,0,0,0,0,0,0
-66,-95,15,6,3,57,0,0,0,0,0,0,5,-24,6,11,7,-20,3,21,6,-16,11,-19,5,27,4,9,9,-19,7,20,5,21,8,-11,7,11,14,3,7,27,9,-6,9,11,9,32,6,13,10,3,5,18,4,-12,5,16,12,32,8,-6,5,11,6,-7,7,10,5,9,5,-22,5,24,6,18,8,10,4,26,3,-25,2,-13,3,13,3,25,6,0,2,11,2,11,2,-8,1,0,3,-17,3,27,4,2,5,-17,2,27,0,0,0,0,0,0,0,0,0,0,0,0,0,0,0,0,0,0,0,0
-67,-95,15,6,3,58,0,0,0,0,0,0,5,-25,6,10,7,-19,3,21,8,-16,10,-20,6,25,5,9,9,-19,7,20,5,23,6,-11,8,9,10,5,9,27,10,-9,10,9,10,31,6,12,10,1,6,17,4,-14,6,16,11,28,9,-6,8,8,5,-8,4,11,3,9,6,-22,6,25,3,18,7,8,3,24,3,-25,4,-14,3,13,1,26,2,0,1,14,2,11,2,-8,3,1,2,-16,2,28,3,2,6,-17,5,27,0,0,0,0,0,0,0,0,0,0,0,0,0,0,0,0,0,0,0,0
-67,-95,15,6,3,59,0,0,0,0,0,0,5,-23,7,12,7,-18,3,21,7,-15,10,-22,6,28,5,8,6,-19,8,20,6,21,7,-11,6,10,10,5,11,27,10,-7,7,10,8,32,5,14,10,0,6,17,5,-11,7,17,12,31,10,-5,7,11,8,-7,8,11,4,10,4,-23,5,25,5,18,9,7,7,25,3,-26,7,-15,1,13,1,24,6,0,4,11,0,11,1,-7,1,1,1,-16,6,27,1,1,4,-18,5,27,0,0,0,0,0,0,0,0,0,0,0,0,0,0,0,0,0,0,0,0
-64,-95,15,6,3,60,0,0,0,0,0,0,5,-24,5,10,7,-19,2,21,5,-18,9,-21,6,25,4,10,6,-19,5,21,7,22,6,-12,8,9,14,6,10,25,8,-9,8,9,9,33,7,14,10,2,7,18,7,-12,7,16,13,34,7,-3,4,9,6,-7,8,9,6,9,5,-22,4,25,6,20,6,8,5,26,4,-25,3,-14,3,13,2,24,3,1,1,14,0,10,1,-8,2,0,3,-14,5,26,2,1,1,-18,3,27,0,0,0,0,0,0,0,0,0,0,0,0,0,0,0,0,0,0,0,0
-62,-95,15,6,3,61,0,0,0,0,0,0,5,-26,6,12,6,-20,3,22,8,-16,8,-21,5,26,6,9,10,-19,6,20,6,20,6,-10,8,6,12,5,9,25,10,-8,8,11,8,33,5,13,10,2,4,17,5,-12,4,17,11,32,9,-5,7,10,6,-7,4,10,4,9,6,-22,5,24,6,20,6,9,4,26,3,-24,4,-16,1,14,1,25,4,0,3,12,2,11,1,-8,2,1,1,-14,5,29,3,1,4,-17,4,26,0,0,0,0,0,0,0,0,0,0,0,0,0,0,0,0,0,0,0,0
-63,-95,15,6,3,62,0,0,0,0,0,0,5,-25,6,11,5,-18,3,21,6,-17,8,-23,7,26,4,9,9,-19,7,21,6,21,8,-11,7,9,15,5,7,24,11,-8,8,11,8,32,6,14,10,2,5,17,4,-11,7,17,11,33,9,-6,4,9,7,-7,5,12,4,8,7,-22,5,25,0,20,6,8,3,26,4,-25,3,-14,3,14,3,25,4,0,4,11,2,10,2,-7,2,0,1,-15,1,27,5,1,3,-16,2,25,0,0,0,0,0,0,0,0,0,0,0,0,0,0,0,0,0,0,0,0
-68,-95,15,6,3,63,0,0,0,0,0,0,4,-24,6,11,7,-20,3,21,6,-17,7,-21,7,26,5,9,9,-20,7,19,6,21,5,-12,8,8,13,5,8,26,10,-9,5,9,9,32,7,13,8,3,5,17,6,-11,7,15,12,33,8,-2,8,10,7,-8,9,11,5,8,6,-23,4,25,4,18,5,10,5,25,4,-25,5,-13,2,14,2,26,3,3,4,12,2,11,1,-8,3,1,2,-16,4,30,4,1,4,-17,3,28,0,0,0,0,0,0,0,0,0,0,0,0,0,0,0,0,0,0,0,0
-67,-95,15,6,3,64,0,0,0,0,0,0,5,-24,6,11,7,-19,3,22,6,-17,6,-19,7,26,4,9,10,-17,7,19,9,20,8,-12,6,10,13,4,8,25,11,-9,10,8,9,35,5,14,9,0,4,16,6,-13,4,16,13,29,9,-5,6,10,6,-8,5,9,4,9,6,-21,3,23,3,19,4,8,2,24,3,-26,6,-15,2,13,1,25,3,2,3,12,2,11,2,-7,1,0,1,-16,0,26,4,2,1,-17,0,26,0,0,0,0,0,0,0,0,0,0,0,0,0,0,0,0,0,0,0,0
-65,-95,15,6,3,65,0,0,0,0,0,0,4,-24,8,11,7,-19,2,21,6,-17,9,-21,7,25,4,9,8,-19,6,21,6,21,10,-10,8,8,12,5,9,25,10,-7,8,10,7,33,6,13,11,1,6,17,5,-13,8,17,11,31,8,-6,4,9,6,-7,9,12,4,9,3,-21,3,25,5,18,6,9,3,24,5,-26,4,-13,1,14,2,24,2,0,3,13,2,11,1,-8,2,0,2,-16,2,28,4,2,3,-16,5,26,0,0,0,0,0,0,0,0,0,0,0,0,0,0,0,0,0,0,0,0
-67,-95,15,6,3,66,0,0,0,0,0,0,3,-24,6,11,7,-19,2,21,6,-17,8,-22,5,27,6,9,9,-20,7,21,6,21,6,-12,8,9,14,5,10,27,10,-8,8,8,8,30,7,14,8,1,5,18,6,-13,7,15,8,31,7,-5,5,9,6,-8,7,9,3,8,5,-20,3,23,4,19,5,7,4,25,2,-27,6,-14,0,13,2,25,3,2,2,12,0,11,1,-8,2,0,1,-16,5,30,4,0,2,-17,2,26,0,0,0,0,0,0,0,0,0,0,0,0,0,0,0,0,0,0,0,0
-67,-95,15,6,3,67,0,0,0,0,0,0,6,-24,5,11,6,-19,2,22,8,-17,9,-20,7,26,5,10,9,-19,6,20,7,21,7,-12,10,7,13,3,8,26,11,-7,8,10,7,32,7,13,11,2,5,17,6,-13,6,16,13,30,8,-5,6,8,6,-8,4,9,4,10,6,-22,4,25,6,19,9,8,1,26,3,-26,3,-16,1,14,4,24,3,1,2,11,1,10,1,-8,2,0,1,-17,2,26,2,1,4,-16,4,26,0,0,0,0,0,0,0,0,0,0,0,0,0,0,0,0,0,0,0,0
-68,-95,15,6,3,68,0,0,0,0,0,0,5,-25,6,11,6,-19,2,21,7,-18,10,-19,6,27,4,9,7,-20,8,20,8,21,7,-11,8,10,13,4,7,25,9,-8,7,11,7,33,7,13,6,0,6,17,6,-13,6,17,13,33,8,-7,5,8,6,-7,8,9,3,9,7,-21,2,25,3,19,2,9,3,25,2,-25,7,-13,3,13,1,25,5,0,4,12,0,11,2,-7,0,1,2,-15,4,29,3,0,3,-18,4,26,0,0,0,0,0,0,0,0,0,0,0,0,0,0,0,0,0,0,0,0
-66,-95,15,6,3,69,0,0,0,0,0,0,5,-23,7,10,8,-21,2,21,8,-17,7,-21,5,26,4,9,8,-20,7,20,6,22,7,-11,8,10,12,5,8,24,12,-8,6,7,9,31,5,14,9,2,5,17,5,-13,5,16,9,31,3,-6,5,11,5,-8,7,10,5,10,6,-21,3,24,5,20,6,11,6,25,5,-27,3,-15,2,14,3,24,3,2,2,13,2,11,1,-8,2,1,2,-16,3,28,2,1,2,-19,0,25,0,0,0,0,0,0,0,0,0,0,0,0,0,0,0,0,0,0,0,0
-67,-95,15,6,3,70,0,0,0,0,0,0,5,-24,5,10,5,-19,2,21,6,-16,7,-20,6,26,4,9,5,-19,8,20,4,21,6,-12,5,10,11,3,6,27,8,-7,5,9,10,32,5,13,10,3,4,18,5,-13,6,15,13,30,8,-4,6,9,6,-6,6,9,4,8,5,-21,5,25,4,20,7,8,2,26,2,-25,5,-15,1,13,2,24,4,0,3,12,2,9,0,-7,0,1,0,-16,0,27,3,2,2,-17,4,26,0,0,0,0,0,0,0,0,0,0,0,0,0,0,0,0,0,0,0,0
-62,-95,15,6,3,71,0,0,0,0,0,0,6,-25,4,12,4,-20,3,21,7,-16,8,-23,6,25,5,10,8,-18,5,19,5,21,6,-12,5,9,10,3,6,27,7,-9,8,8,8,32,6,13,10,2,5,17,5,-12,5,16,11,30,9,-3,5,8,6,-8,8,8,4,10,6,-22,2,25,4,18,6,7,4,24,2,-26,6,-14,2,13,1,25,4,2,2,14,1,10,1,-9,0,0,2,-17,2,28,2,1,1,-18,4,26,0,0,0,0,0,0,0,0,0,0,0,0,0,0,0,0,0,0,0,0
-67,-95,15,6,3,72,0,0,0,0,0,0,4,-25,5,10,7,-20,3,21,6,-18,8,-20,6,26,6,10,9,-19,6,19,6,20,6,-11,5,9,8,0,7,27,10,-8,6,9,5,31,5,12,8,3,5,17,5,-13,5,17,12,29,7,-6,7,10,4,-7,7,11,4,9,3,-22,3,24,5,19,4,7,5,24,2,-25,3,-15,1,13,2,23,2,-1,2,10,1,12,1,-8,3,0,0,-16,3,27,3,1,3,-16,3,26,0,0,0,0,0,0,0,0,0,0,0,0,0,0,0,0,0,0,0,0
-65,-95,15,6,3,73,0,0,0,0,0,0,5,-26,5,10,6,-20,3,21,5,-17,8,-19,5,25,5,8,9,-19,5,21,5,20,8,-11,7,9,12,2,5,26,9,-8,7,8,6,33,5,12,5,2,7,16,4,-12,5,16,8,31,7,-5,5,9,4,-9,6,9,4,9,5,-22,4,25,4,19,5,9,2,26,2,-25,1,-14,1,13,0,24,4,2,4,11,1,10,1,-8,1,0,1,-17,3,26,0,1,3,-16,0,26,0,0,0,0,0,0,0,0,0,0,0,0,0,0,0,0,0,0,0,0
-68,-95,15,6,3,74,0,0,0,0,0,0,4,-24,5,11,5,-21,2,21,6,-18,7,-21,4,26,6,9,5,-18,7,21,6,21,6,-12,8,9,10,3,8,27,9,-7,5,9,8,30,5,12,6,3,5,17,6,-13,4,15,12,28,7,-6,4,9,5,-7,4,10,2,9,4,-22,3,24,5,15,7,8,4,25,3,-25,2,-16,2,13,3,23,3,1,2,11,2,10,1,-8,1,0,2,-16,3,28,3,1,0,-18,4,28,0,0,0,0,0,0,0,0,0,0,0,0,0,0,0,0,0,0,0,0
-63,-95,15,6,3,75,0,0,0,0,0,0,4,-25,7,9,6,-22,3,21,6,-17,5,-20,7,26,5,9,9,-20,7,19,5,20,4,-10,6,10,10,2,8,26,8,-10,7,8,6,32,5,14,7,1,5,17,5,-12,4,16,6,31,5,-5,6,9,5,-10,6,11,3,9,4,-23,3,24,4,18,5,7,4,25,4,-25,4,-13,0,14,1,24,5,2,3,13,1,9,1,-8,1,0,2,-17,3,28,2,2,2,-19,3,26,0,0,0,0,0,0,0,0,0,0,0,0,0,0,0,0,0,0,0,0
-65,-95,15,6,3,76,0,0,0,0,0,0,4,-24,5,11,7,-22,3,21,5,-17,6,-21,6,24,5,9,7,-20,6,20,5,21,7,-12,8,8,11,4,9,25,8,-6,5,8,8,31,5,12,9,3,5,17,5,-13,3,15,10,30,7,-5,4,10,4,-7,5,11,3,8,5,-23,3,23,4,18,4,8,3,24,5,-25,1,-17,1,13,1,25,2,0,1,12,0,10,0,-8,2,0,2,-16,2,28,0,2,3,-18,0,26,0,0,0,0,0,0,0,0,0,0,0,0,0,0,0,0,0,0,0,0
-64,-95,15,6,3,77,0,0,0,0,0,0,5,-25,6,12,5,-19,2,21,6,-17,7,-21,6,26,4,10,9,-20,8,19,5,20,7,-11,6,8,10,3,7,24,10,-8,7,8,6,31,5,12,8,3,4,17,4,-12,4,16,11,32,8,-5,5,8,6,-7,7,9,3,9,4,-23,4,23,2,18,6,8,4,26,4,-26,4,-15,1,13,1,24,3,2,1,13,1,10,2,-8,1,1,2,-15,3,28,1,0,4,-17,3,27,0,0,0,0,0,0,0,0,0,0,0,0,0,0,0,0,0,0,0,0
-65,-95,15,6,3,78,0,0,0,0,0,0,4,-24,6,8,5,-21,1,21,4,-17,7,-22,5,25,6,9,7,-19,6,19,6,21,6,-12,7,8,10,3,7,24,10,-8,6,9,6,31,5,12,6,1,4,16,3,-13,6,16,11,30,8,-5,5,10,4,-8,5,10,4,8,5,-21,3,25,3,18,3,6,3,25,4,-25,0,-16,1,13,0,24,2,4,2,12,0,10,1,-8,1,0,2,-16,2,28,3,2,-1,-18,2,28,0,0,0,0,0,0,0,0,0,0,0,0,0,0,0,0,0,0,0,0
-68,-95,15,6,3,79,0,0,0,0,0,0,4,-26,5,9,6,-19,2,21,4,-18,5,-21,4,24,4,9,8,-19,6,21,6,19,6,-13,7,10,12,4,8,24,9,-8,7,9,6,31,4,11,5,2,5,16,6,-14,2,16,11,27,7,-7,5,9,5,-8,5,7,5,7,4,-22,4,24,2,19,4,5,3,25,3,-28,4,-16,2,13,1,24,7,0,3,11,0,10,0,-7,0,0,2,-17,3,26,3,0,3,-18,6,28,0,0,0,0,0,0,0,0,0,0,0,0,0,0,0,0,0,0,0,0
-65,-95,15,6,3,80,0,0,0,0,0,0,5,-25,6,12,4,-22,2,21,6,-18,9,-21,5,24,4,9,9,-20,5,21,5,21,7,-12,7,9,10,2,7,25,10,-8,6,8,10,30,5,13,6,1,3,16,3,-13,4,15,8,32,7,-7,5,10,5,-7,3,10,4,8,2,-23,3,25,5,18,4,8,2,24,3,-26,2,-13,0,13,1,25,2,0,2,11,1,11,0,-9,2,1,2,-18,2,29,0,0,3,-19,0,26,0,0,0,0,0,0,0,0,0,0,0,0,0,0,0,0,0,0,0,0
-68,-95,15,6,3,81,0,0,0,0,0,0,5,-24,4,11,4,-20,1,21,7,-17,5,-21,6,25,3,8,5,-19,6,17,5,21,6,-12,6,8,11,4,8,26,6,-8,7,8,7,31,5,13,6,0,4,17,4,-14,4,15,11,28,9,-5,5,8,4,-9,7,8,3,7,4,-21,3,25,3,18,3,8,3,26,2,-27,3,-14,1,12,3,25,2,0,1,13,0,10,0,-8,1,0,0,-17,2,27,3,0,0,-19,3,27,0,0,0,0,0,0,0,0,0,0,0,0,0,0,0,0,0,0,0,0
-65,-95,15,6,3,82,0,0,0,0,0,0,2,-25,5,10,4,-21,2,21,3,-18,6,-20,5,25,5,9,8,-21,8,21,6,20,7,-12,8,8,9,3,7,24,5,-8,6,10,5,31,5,12,5,0,3,16,4,-13,4,15,11,31,4,-6,5,9,4,-8,4,8,2,7,3,-21,3,23,4,20,3,6,2,26,3,-26,3,-15,1,11,2,24,3,0,1,12,0,10,0,-8,-1,0,1,-15,0,27,0,1,1,-18,0,24,0,0,0,0,0,0,0,0,0,0,0,0,0,0,0,0,0,0,0,0
-68,-95,15,6,3,83,0,0,0,0,0,0,5,-25,4,12,5,-19,2,21,6,-16,8,-22,8,25,3,8,8,-18,7,21,5,21,4,-12,7,8,11,4,5,26,6,-10,6,8,6,31,5,14,6,0,4,16,3,-13,5,17,11,31,9,-7,4,10,4,-8,4,8,2,10,3,-22,1,25,4,17,3,7,2,24,3,-26,3,-15,1,14,1,25,2,2,0,11,0,10,1,-7,0,0,2,-15,2,26,1,0,2,-18,-2,25,0,0,0,0,0,0,0,0,0,0,0,0,0,0,0,0,0,0,0,0
-62,-95,15,6,3,84,0,0,0,0,0,0,4,-25,6,9,4,-20,2,21,4,-17,7,-22,6,25,4,8,7,-19,5,19,5,20,7,-12,5,10,11,5,4,24,8,-9,6,9,6,29,4,12,9,1,3,16,3,-14,6,15,8,32,9,-7,4,8,2,-8,5,8,4,8,4,-23,1,22,3,18,1,9,2,25,2,-25,2,-15,0,12,1,24,3,1,0,10,0,10,0,-8,0,1,0,-17,2,28,0,-1,0,-18,1,26,0,0,0,0,0,0,0,0,0,0,0,0,0,0,0,0,0,0,0,0
-68,-95,15,6,3,85,0,0,0,0,0,0,4,-25,5,11,5,-21,2,20,5,-17,6,-22,3,25,4,8,6,-18,5,19,5,20,6,-12,7,9,9,2,6,23,5,-9,6,7,8,32,5,13,7,3,3,16,4,-13,4,16,5,30,4,-7,4,8,4,-9,6,9,3,8,4,-24,2,23,3,16,1,8,0,23,3,-27,1,-17,1,14,0,25,0,0,0,12,0,9,0,-8,0,0,0,-17,1,28,1,0,1,-19,2,25,0,0,0,0,0,0,0,0,0,0,0,0,0,0,0,0,0,0,0,0
-67,-95,15,6,3,86,0,0,0,0,0,0,5,-26,4,10,3,-20,2,21,8,-17,5,-21,6,25,5,8,8,-19,6,20,6,20,5,-11,4,9,8,3,6,25,9,-11,7,9,6,28,3,13,5,2,5,16,5,-12,4,15,6,29,5,-6,1,10,4,-8,5,10,3,8,3,-23,1,22,1,17,1,9,1,25,4,-27,-1,-15,1,12,0,24,0,0,0,13,0,10,0,-8,0,0,2,-17,1,29,2,0,3,-20,1,26,0,0,0,0,0,0,0,0,0,0,0,0,0,0,0,0,0,0,0,0
-65,-95,15,6,3,87,0,0,0,0,0,0,5,-25,5,10,5,-21,2,21,4,-17,7,-22,5,25,5,8,4,-21,5,21,5,20,5,-11,3,8,7,1,7,24,9,-9,5,8,5,31,4,12,7,0,5,16,4,-13,5,17,7,31,2,-6,5,8,3,-9,5,9,2,8,6,-22,1,24,3,18,4,8,0,24,1,-26,0,-19,2,12,0,24,0,1,0,13,0,10,0,-8,0,0,0,-16,2,24,0,0,0,-18,0,23,0,0,0,0,0,0,0,0,0,0,0,0,0,0,0,0,0,0,0,0
-63,-95,15,6,3,88,0,0,0,0,0,0,3,-25,7,11,6,-22,2,20,3,-17,7,-22,7,25,3,9,4,-19,5,19,3,21,4,-11,4,9,7,1,5,24,6,-9,6,9,6,30,4,12,4,0,4,17,4,-14,3,15,7,31,3,-7,1,9,4,-9,5,9,3,9,3,-22,0,23,3,16,3,6,-1,24,3,-27,2,-15,0,13,1,25,2,0,2,12,0,11,0,-8,1,0,0,-17,1,27,1,0,1,-18,-1,25,0,0,0,0,0,0,0,0,0,0,0,0,0,0,0,0,0,0,0,0
-63,-95,15,6,3,89,0,0,0,0,0,0,2,-25,5,10,4,-20,2,20,5,-18,7,-21,3,25,3,8,6,-21,3,17,5,20,5,-12,6,8,9,2,5,25,6,-8,7,9,7,30,5,11,6,2,1,16,4,-13,5,15,7,29,6,-9,2,8,3,-9,3,10,2,8,3,-23,3,23,1,18,2,8,2,25,3,-26,0,-16,0,12,1,23,-1,0,0,11,1,9,0,-8,2,1,0,-18,0,26,2,0,-1,-20,0,25,0,0,0,0,0,0,0,0,0,0,0,0,0,0,0,0,0,0,0,0
-68,-95,15,6,3,90,0,0,0,0,0,0,4,-25,7,9,4,-21,2,20,6,-18,7,-19,5,24,3,9,5,-19,5,19,5,20,5,-13,5,7,8,1,8,25,7,-9,7,8,5,31,4,13,6,0,3,15,3,-13,3,14,4,26,6,-7,4,8,4,-8,2,7,4,8,1,-24,3,23,0,18,1,7,0,25,1,-26,2,-16,1,13,0,24,-1,0,0,10,0,10,0,-8,0,0,1,-17,2,25,1,0,0,-19,0,25,0,0,0,0,0,0,0,0,0,0,0,0,0,0,0,0,0,0,0,0
-64,-95,15,6,3,91,0,0,0,0,0,0,2,-25,4,10,3,-21,2,21,6,-18,4,-22,5,25,3,9,5,-19,6,19,5,21,6,-12,5,9,7,2,8,23,6,-9,5,8,4,31,4,12,5,-1,2,15,4,-14,2,15,6,30,6,-7,4,8,4,-9,4,6,1,8,2,-22,0,24,3,18,0,7,0,24,1,-28,0,-17,0,13,1,24,1,0,0,12,0,9,0,-9,1,1,0,-16,-1,27,1,1,2,-19,1,25,0,0,0,0,0,0,0,0,0,0,0,0,0,0,0,0,0,0,0,0
-63,-95,15,6,3,92,0,0,0,0,0,0,1,-26,6,10,3,-24,3,21,3,-17,5,-22,6,25,3,8,5,-21,5,19,4,21,5,-12,3,8,10,2,6,24,6,-10,2,7,5,28,4,12,5,0,2,17,3,-13,2,16,5,31,6,-8,3,8,4,-10,3,9,2,7,3,-23,2,23,4,18,2,9,2,25,2,-27,0,-16,0,13,0,23,0,0,-1,12,0,11,1,-9,-1,0,0,-18,0,27,-1,1,-1,-18,0,25,0,0,0,0,0,0,0,0,0,0,0,0,0,0,0,0,0,0,0,0
-62,-95,15,6,3,93,0,0,0,0,0,0,4,-25,2,9,5,-20,2,21,4,-18,7,-22,4,24,3,8,7,-21,6,19,4,20,3,-13,6,7,9,2,6,25,5,-9,4,7,5,32,2,13,6,0,3,16,2,-13,4,16,11,27,5,-9,3,6,3,-9,5,9,4,8,2,-24,1,23,1,17,2,7,0,24,1,-26,2,-18,0,13,1,23,-2,0,0,11,0,9,1,-9,-2,-1,0,-17,-2,26,1,-1,0,-19,2,25,0,0,0,0,0,0,0,0,0,0,0,0,0,0,0,0,0,0,0,0
-67,-95,15,6,3,94,0,0,0,0,0,0,3,-25,2,9,4,-22,2,20,4,-17,4,-22,4,24,2,8,6,-20,4,19,4,20,4,-12,7,7,10,2,6,24,4,-9,4,7,4,31,3,12,5,0,3,15,3,-14,2,15,2,28,5,-6,3,10,1,-8,1,8,3,8,1,-24,2,24,0,17,3,7,2,23,0,-26,1,-19,0,13,-1,24,1,0,0,11,0,10,0,-9,0,0,-1,-16,-3,27,0,0,-1,-19,0,24,0,0,0,0,0,0,0,0,0,0,0,0,0,0,0,0,0,0,0,0
-68,-95,15,6,3,95,0,0,0,0,0,0,1,-26,1,10,4,-21,1,21,6,-17,7,-22,6,24,3,8,6,-22,2,18,4,20,4,-13,4,8,10,3,6,23,5,-11,5,7,4,29,4,11,3,0,1,15,2,-14,3,15,5,27,2,-8,2,8,4,-9,4,8,1,8,2,-24,1,23,0,17,1,9,0,25,1,-26,1,-16,0,13,0,23,0,0,0,12,0,10,0,-9,0,-1,0,-16,0,27,0,0,0,-19,-1,24,0,0,0,0,0,0,0,0,0,0,0,0,0,0,0,0,0,0,0,0
-65,-95,15,6,3,96,0,0,0,0,0,0,2,-25,4,10,4,-20,2,21,2,-18,5,-23,4,24,4,8,3,-22,3,17,3,19,3,-12,2,8,6,2,6,26,7,-8,5,7,4,29,3,11,1,1,1,16,2,-14,3,15,1,29,3,-8,2,9,2,-8,1,7,3,9,2,-24,1,24,-1,16,3,8,1,24,0,-27,-1,-17,0,13,0,24,-2,0,0,12,0,9,-1,-8,-2,0,0,-16,-2,26,0,0,0,-18,0,23,0,0,0,0,0,0,0,0,0,0,0,0,0,0,0,0,0,0,0,0
-62,-95,15,6,3,97,0,0,0,0,0,0,2,-26,5,10,4,-22,1,21,5,-18,4,-23,5,26,2,8,3,-20,4,17,3,20,4,-13,4,8,9,1,2,23,6,-12,5,9,5,31,4,11,4,0,2,16,2,-15,2,15,5,28,4,-8,1,8,2,-10,2,7,2,8,1,-23,0,24,0,18,0,5,0,25,-3,-27,-2,-16,0,12,0,23,-2,0,0,11,0,10,0,-8,-2,0,0,-17,2,25,0,2,-2,-20,0,24,0,0,0,0,0,0,0,0,0,0,0,0,0,0,0,0,0,0,0,0
-68,-95,15,6,3,98,0,0,0,0,0,0,3,-27,5,9,5,-23,1,20,3,-19,5,-22,3,25,4,8,3,-19,3,18,3,19,3,-13,2,8,6,2,4,24,4,-10,4,9,5,31,3,11,1,0,1,16,2,-13,3,15,5,30,2,-7,1,7,2,-9,2,9,2,8,1,-26,0,22,1,16,0,5,0,24,-1,-27,2,-15,-1,12,0,24,-1,0,0,11,0,9,-1,-9,0,0,-1,-18,1,25,-1,0,0,-19,-2,24,0,0,0,0,0,0,0,0,0,0,0,0,0,0,0,0,0,0,0,0
-62,-95,15,6,3,99,0,0,0,0,0,0,3,-26,2,8,4,-23,1,21,2,-19,5,-23,5,25,2,8,4,-21,3,17,4,20,5,-13,3,7,8,1,4,24,3,-10,3,9,7,29,1,13,4,-1,2,15,2,-14,4,15,3,28,1,-7,0,9,2,-9,1,6,1,8,1,-23,1,24,1,16,2,6,-1,23,2,-28,-3,-15,0,13,0,22,-1,1,-2,11,-1,10,0,-8,0,0,-2,-19,-2,26,-1,-1,0,-17,0,25,0,0,0,0,0,0,0,0,0,0,0,0,0,0,0,0,0,0,0,0
-65,-95,15,6,3,100,0,0,0,0,0,0,3,-27,4,9,3,-20,1,21,2,-20,4,-23,5,23,2,8,4,-21,2,18,2,19,4,-13,2,8,4,0,6,23,5,-12,2,6,6,30,1,12,4,2,2,15,3,-13,0,14,7,29,2,-8,2,8,4,-10,2,8,0,9,1,-24,0,24,0,15,3,6,-2,25,-1,-27,-2,-16,1,12,0,24,0,-2,0,9,0,9,0,-9,0,-2,-2,-16,-1,26,0,0,0,-21,-1,23,0,0,0,0,0,0,0,0,0,0,0,0,0,0,0,0,0,0,0,0
-63,-95,15,6,3,101,0,0,0,0,0,0,3,-25,2,8,3,-22,1,21,4,-19,3,-23,1,24,2,8,4,-20,4,17,4,20,3,-13,4,8,8,1,5,23,5,-12,3,9,3,28,1,12,4,0,4,16,2,-13,2,15,4,27,2,-10,2,8,1,-11,1,7,2,6,0,-23,0,24,0,17,1,5,0,21,0,-28,0,-17,0,12,-1,23,-4,0,-1,11,-1,10,0,-9,-1,-1,-2,-17,-1,25,-1,0,0,-19,-1,25,0,0,0,0,0,0,0,0,0,0,0,0,0,0,0,0,0,0,0,0
-64,-95,15,6,3,102,0,0,0,0,0,0,2,-27,3,10,2,-23,2,20,4,-20,3,-23,3,24,2,7,2,-21,3,19,3,19,4,-14,4,8,4,1,3,23,4,-11,4,7,5,29,2,11,2,-1,2,16,3,-14,4,15,1,30,2,-7,2,8,0,-10,0,5,1,9,0,-22,0,22,1,16,0,6,0,24,-2,-26,-2,-16,0,11,-1,24,-3,-1,0,12,0,9,0,-9,0,0,-1,-18,-2,25,-2,0,-3,-19,0,26,0,0,0,0,0,0,0,0,0,0,0,0,0,0,0,0,0,0,0,0
-68,-95,15,6,3,103,0,0,0,0,0,0,2,-27,3,8,4,-22,2,20,3,-18,3,-24,5,23,2,8,7,-21,4,20,3,19,3,-14,2,8,6,1,1,23,2,-11,4,6,1,30,4,13,4,0,3,16,0,-13,2,14,3,28,2,-10,0,9,3,-10,1,7,1,7,2,-24,0,22,1,18,-3,4,0,22,-1,-27,0,-18,0,12,-1,24,-1,-1,0,9,-1,9,0,-9,-1,0,0,-18,0,28,-3,0,-1,-19,-2,24,0,0,0,0,0,0,0,0,0,0,0,0,0,0,0,0,0,0,0,0
-68,-95,15,6,3,104,0,0,0,0,0,0,2,-26,4,8,2,-22,1,21,3,-19,4,-24,2,24,2,8,4,-22,1,19,1,19,3,-13,3,7,5,0,3,21,4,-13,2,7,2,29,2,11,4,0,1,15,2,-15,1,15,1,27,2,-8,2,7,1,-10,0,8,0,7,0,-25,0,22,0,14,-1,7,-1,23,-1,-26,-2,-16,-1,11,0,22,-3,-2,-2,11,-1,10,0,-9,0,-1,-2,-18,-2,24,-2,-1,0,-21,-2,24,0,0,0,0,0,0,0,0,0,0,0,0,0,0,0,0,0,0,0,0
-66,-95,15,6,3,105,0,0,0,0,0,0,3,-25,2,9,1,-23,1,20,2,-20,4,-22,4,22,2,8,4,-19,4,18,3,19,4,-13,3,7,8,-1,3,25,4,-14,3,8,3,30,2,12,6,-4,1,16,3,-14,2,13,2,28,3,-7,3,8,0,-10,-2,8,0,6,0,-25,-1,23,0,16,0,5,0,23,-1,-28,-2,-19,0,13,-2,22,-1,1,-4,10,-1,10,-1,-9,-1,0,-2,-18,0,25,0,-1,-1,-20,-1,25,0,0,0,0,0,0,0,0,0,0,0,0,0,0,0,0,0,0,0,0
-66,-95,15,6,3,106,0,0,0,0,0,0,0,-27,0,7,2,-22,0,20,3,-18,3,-22,3,24,3,7,6,-21,3,18,1,19,3,-13,2,8,5,-1,3,24,2,-11,2,8,3,30,0,10,0,-2,2,15,2,-14,1,13,0,25,4,-8,1,6,0,-11,0,7,0,7,-1,-24,0,24,0,16,-1,7,0,22,-1,-28,-2,-17,0,12,0,22,0,-3,-2,11,-1,9,-1,-10,-3,-1,0,-18,-2,26,-1,-1,-1,-19,0,23,0,0,0,0,0,0,0,0,0,0,0,0,0,0,0,0,0,0,0,0
-68,-95,15,6,3,107,0,0,0,0,0,0,1,-27,1,8,1,-22,0,20,2,-19,4,-24,2,23,1,8,6,-22,3,17,3,19,2,-12,3,6,6,0,4,23,4,-10,3,7,1,28,0,12,0,0,2,15,3,-14,0,14,2,28,3,-10,0,8,1,-11,-1,7,0,6,1,-22,0,22,-1,17,-3,5,-1,22,-1,-28,-3,-19,0,12,-1,23,1,-1,-1,9,-1,10,-1,-9,-1,0,-2,-17,-3,26,-2,-1,0,-20,1,24,0,0,0,0,0,0,0,0,0,0,0,0,0,0,0,0,0,0,0,0
-64,-95,15,6,3,108,0,0,0,0,0,0,0,-27,2,7,2,-22,1,20,2,-17,3,-22,1,24,0,7,1,-23,3,17,1,19,2,-13,3,6,3,1,2,24,4,-11,5,8,2,29,1,10,2,0,0,15,0,-15,1,14,4,27,1,-7,0,8,0,-10,-2,8,-1,6,0,-24,0,24,-3,16,-1,5,-4,23,-2,-27,-3,-20,-2,12,0,23,-4,-2,-5,10,0,8,-2,-9,-2,-1,-1,-18,-3,25,-4,-1,-6,-20,-1,22,0,0,0,0,0,0,0,0,0,0,0,0,0,0,0,0,0,0,0,0
-68,-95,15,6,3,109,0,0,0,0,0,0,0,-27,2,9,3,-21,0,20,2,-19,3,-23,3,23,2,8,3,-22,1,17,2,19,4,-14,4,6,3,-1,1,23,1,-14,3,8,2,28,1,12,3,0,1,15,2,-14,0,14,2,27,1,-8,-1,8,-1,-10,0,7,1,7,0,-25,-1,23,-1,15,-3,4,0,22,0,-28,-2,-18,-1,12,-1,22,-2,-2,-2,10,-2,9,-2,-9,-3,0,-2,-18,-1,25,0,0,-1,-21,-4,22,0,0,0,0,0,0,0,0,0,0,0,0,0,0,0,0,0,0,0,0
-68,-95,15,6,3,110,0,0,0,0,0,0,4,-29,0,8,1,-20,0,20,1,-18,2,-21,1,24,0,6,3,-22,2,18,2,19,3,-14,2,7,3,-1,0,23,1,-11,2,8,0,28,2,11,3,0,0,15,0,-14,1,14,-1,26,0,-8,2,8,-1,-10,0,6,-2,7,-3,-24,-1,23,-2,17,-1,4,-2,22,-1,-28,-3,-19,0,11,-2,24,-2,-1,-3,9,-2,9,0,-10,-2,-1,-3,-19,-5,24,-3,-2,-4,-21,-4,22,0,0,0,0,0,0,0,0,0,0,0,0,0,0,0,0,0,0,0,0
-67,-95,15,6,3,111,0,0,0,0,0,0,1,-26,0,8,0,-22,0,20,3,-19,3,-24,2,24,0,7,4,-22,3,17,0,19,4,-13,4,7,2,1,3,23,3,-12,1,7,3,29,1,11,1,-1,2,15,0,-15,0,14,1,26,-1,-10,0,7,-3,-11,-2,7,0,6,0,-24,0,22,-3,15,-3,2,-2,23,-1,-28,-4,-17,-2,12,-1,23,-6,-3,0,8,-2,8,-3,-8,-2,-2,-3,-19,-6,26,-1,0,-3,-19,-2,24,0,0,0,0,0,0,0,0,0,0,0,0,0,0,0,0,0,0,0,0
-67,-95,15,6,3,112,0,0,0,0,0,0,1,-27,1,8,1,-23,1,20,1,-20,3,-23,0,23,2,8,1,-23,2,17,3,19,2,-12,1,6,4,0,3,23,1,-12,3,7,3,27,0,11,3,-3,1,14,2,-15,0,15,1,28,2,-9,0,7,0,-9,-2,7,0,6,0,-23,-3,22,0,16,-5,4,0,21,-1,-28,-1,-17,-1,12,-1,23,-5,-1,-3,10,-2,9,-2,-10,0,-1,-4,-19,-4,25,-3,0,-1,-21,-4,23,0,0,0,0,0,0,0,0,0,0,0,0,0,0,0,0,0,0,0,0
-63,-95,15,6,3,113,0,0,0,0,0,0,-1,-28,0,9,2,-24,1,20,1,-19,2,-24,1,22,1,7,4,-21,0,17,3,20,1,-14,2,6,1,-1,3,22,1,-11,3,6,0,29,2,11,1,-2,0,15,1,-15,1,14,-1,26,1,-9,2,8,0,-11,-2,7,0,7,0,-27,0,21,0,16,-4,5,-2,22,-2,-28,-4,-18,-1,11,-1,22,-4,-2,-2,9,-1,8,-2,-9,-1,0,-3,-18,-4,23,-5,-1,-4,-21,-4,24,0,0,0,0,0,0,0,0,0,0,0,0,0,0,0,0,0,0,0,0
-63,-95,15,6,3,114,0,0,0,0,0,0,3,-26,1,9,1,-23,1,20,3,-20,2,-25,1,23,0,7,2,-21,3,18,0,18,1,-14,1,6,3,0,2,22,3,-10,0,7,1,29,2,12,2,-1,1,16,0,-16,0,13,-1,26,1,-9,1,5,0,-10,0,6,0,7,0,-26,-2,24,-5,14,-3,2,-2,23,-2,-29,-4,-18,-2,12,-1,24,-3,-2,-5,8,-2,8,-2,-10,-3,0,-1,-20,-2,25,-3,-2,-2,-20,-3,22,0,0,0,0,0,0,0,0,0,0,0,0,0,0,0,0,0,0,0,0
-64,-95,15,6,3,115,0,0,0,0,0,0,1,-29,0,8,0,-23,0,20,1,-20,1,-23,2,23,1,7,2,-23,0,18,2,19,1,-12,3,6,2,-1,1,21,1,-13,1,6,0,29,1,11,1,-2,0,14,1,-15,0,14,0,27,-2,-9,-2,7,-2,-11,0,7,-3,6,-3,-25,-1,22,-1,15,-2,5,-1,22,-2,-28,-3,-21,-2,12,-2,23,-2,-3,-4,8,-3,9,-2,-9,-4,0,-1,-18,-4,24,-1,-1,-4,-20,-2,22,0,0,0,0,0,0,0,0,0,0,0,0,0,0,0,0,0,0,0,0
-65,-95,15,6,3,116,0,0,0,0,0,0,0,-27,1,7,0,-23,0,20,2,-21,2,-22,1,23,1,7,0,-22,1,18,2,19,2,-14,1,6,2,0,1,21,3,-13,0,5,0,28,0,10,1,-1,0,15,-1,-15,0,14,1,27,0,-10,-1,6,0,-10,0,4,-2,7,-2,-25,-2,21,-2,14,-4,4,-1,23,-3,-28,-5,-20,-2,12,-3,23,-6,-3,-4,8,-1,8,-3,-9,-2,-2,-2,-18,-6,22,-3,0,-4,-22,-6,23,0,0,0,0,0,0,0,0,0,0,0,0,0,0,0,0,0,0,0,0
-64,-95,15,6,3,117,0,0,0,0,0,0,2,-27,0,7,2,-22,0,20,2,-21,1,-24,1,21,0,7,2,-22,1,16,0,19,1,-13,1,4,3,0,2,22,-1,-10,0,6,1,29,1,11,0,-2,0,16,1,-15,0,15,1,26,0,-10,-1,7,-2,-10,0,7,-1,7,-3,-26,-2,22,-3,15,-6,3,-5,24,-5,-29,-3,-16,-1,10,-4,23,-4,-1,-5,9,0,8,-2,-11,-2,-1,-3,-18,-3,25,-2,-2,-4,-20,-4,24,0,0,0,0,0,0,0,0,0,0,0,0,0,0,0,0,0,0,0,0
-68,-95,15,6,3,118,0,0,0,0,0,0,0,-27,0,8,0,-25,0,21,1,-20,0,-24,2,22,1,8,2,-23,0,17,2,17,0,-13,1,8,2,-1,0,23,0,-11,1,6,3,27,0,11,1,-4,2,14,0,-16,0,13,0,25,-1,-9,0,6,-1,-11,-3,6,-1,6,-1,-26,-1,22,-3,14,-3,2,-1,22,-1,-28,-4,-19,-2,10,-3,23,-5,-4,-2,9,-1,8,-2,-11,-4,-1,-3,-19,-4,24,-4,-3,-5,-22,-5,23,0,0,0,0,0,0,0,0,0,0,0,0,0,0,0,0,0,0,0,0
-64,-95,15,6,3,119,0,0,0,0,0,0,1,-27,0,6,0,-24,0,20,1,-21,2,-25,2,23,1,8,2,-23,2,17,0,18,2,-13,0,7,2,0,2,23,1,-10,1,6,1,28,0,10,0,-2,0,15,-1,-16,0,14,-3,27,-2,-9,0,6,-2,-9,-3,5,-2,7,-2,-26,-4,22,-3,14,-3,3,-3,22,-2,-29,-4,-20,-1,12,-4,22,-7,-2,-5,8,-2,8,-2,-10,-1,-1,-3,-19,-6,24,-4,0,-7,-22,-5,22,0,0,0,0,0,0,0,0,0,0,0,0,0,0,0,0,0,0,0,0
-68,-95,15,6,3,120,0,0,0,0,0,0,0,-28,-1,8,-2,-24,0,20,1,-21,1,-25,1,23,0,7,0,-23,1,16,1,19,3,-14,1,7,0,-3,-2,22,1,-14,3,6,1,27,1,9,0,-4,0,14,0,-15,-1,13,-1,27,0,-10,0,7,0,-10,-2,5,-2,6,-2,-26,-1,20,-2,15,-7,4,-2,21,-3,-29,-3,-19,-1,11,-3,23,-7,-5,-3,9,-1,9,-3,-10,-2,-1,-3,-18,-7,24,-5,-1,-7,-21,-4,21,0,0,0,0,0,0,0,0,0,0,0,0,0,0,0,0,0,0,0,0
-67,-95,15,6,3,121,0,0,0,0,0,0,0,-28,0,8,0,-24,0,19,0,-19,2,-21,0,24,0,7,0,-25,1,17,1,19,0,-16,1,6,1,-2,2,23,1,-13,1,6,2,29,-2,11,0,-3,0,15,0,-15,-1,13,-2,24,-3,-9,-2,6,-1,-12,-3,6,-3,6,-1,-25,-3,20,-2,13,-3,4,-5,21,-5,-29,-6,-20,-3,11,-1,23,-6,-2,-4,8,-2,9,-2,-9,-2,-2,-3,-20,-7,25,-3,0,-4,-21,-6,23,0,0,0,0,0,0,0,0,0,0,0,0,0,0,0,0,0,0,0,0
-66,-95,15,6,3,122,0,0,0,0,0,0,0,-27,0,8,0,-24,0,20,1,-20,0,-24,1,23,0,7,0,-23,1,17,0,18,1,-15,1,6,2,-2,0,23,-1,-12,1,6,1,27,-1,11,0,-2,-1,14,-1,-15,0,14,-1,25,-3,-12,-1,5,-1,-9,-2,6,-2,6,-3,-26,-2,21,-4,15,-3,1,-4,21,-2,-29,-5,-20,-2,11,-2,23,-5,-5,-6,8,-2,9,-2,-10,-4,-2,-4,-18,-5,23,-4,-1,-2,-20,-3,23,0,0,0,0,0,0,0,0,0,0,0,0,0,0,0,0,0,0,0,0
-68,-95,15,6,3,123,0,0,0,0,0,0,-1,-27,0,7,1,-24,0,20,1,-21,3,-25,0,23,0,6,1,-23,1,16,0,17,0,-15,0,5,0,0,2,22,-1,-13,0,5,-1,27,0,10,0,-3,0,13,0,-14,0,12,-3,26,-3,-10,-3,7,-1,-11,-4,5,-3,6,-3,-26,-2,21,-3,15,-5,3,-2,21,-5,-29,-6,-21,-2,11,-3,21,-3,-2,-5,8,-2,8,-2,-10,-4,-1,-4,-20,-7,22,-4,-2,-5,-23,-3,25,0,0,0,0,0,0,0,0,0,0,0,0,0,0,0,0,0,0,0,0
-63,-95,15,6,3,124,0,0,0,0,0,0,0,-26,0,7,-1,-25,0,20,0,-20,0,-24,0,22,0,6,0,-22,-1,16,1,18,0,-15,0,4,0,-2,0,22,2,-13,0,6,0,29,0,11,-1,0,0,15,0,-15,0,14,0,28,-3,-9,-3,6,-2,-11,-2,6,-2,7,-3,-26,-2,21,-7,15,-7,1,-6,20,-3,-30,-6,-19,-2,11,-2,21,-6,-3,-5,9,-2,9,-2,-11,-5,-2,-4,-19,-5,23,-4,-1,-4,-20,-5,23,0,0,0,0,0,0,0,0,0,0,0,0,0,0,0,0,0,0,0,0
-65,-95,15,6,3,125,0,0,0,0,0,0,0,-28,0,7,1,-24,0,20,0,-21,0,-25,0,22,0,5,0,-24,0,17,0,18,0,-14,0,5,1,-1,0,22,0,-14,0,5,0,28,-1,10,0,-2,0,14,0,-16,-1,13,-2,25,-1,-8,-2,6,-1,-11,-2,4,-3,6,-3,-26,-3,21,-6,16,-6,4,-4,19,-3,-30,-7,-17,-4,11,-3,22,-4,-4,-5,8,-2,9,-3,-10,-4,-2,-5,-20,-7,25,-4,-3,-5,-20,-4,23,0,0,0,0,0,0,0,0,0,0,0,0,0,0,0,0,0,0,0,0
-66,-95,15,6,3,126,0,0,0,0,0,0,0,-28,1,6,-1,-24,0,19,2,-20,-1,-23,0,23,-1,7,0,-24,0,16,0,17,0,-15,0,5,-1,-1,0,21,0,-14,0,8,-2,28,1,9,1,-2,-1,13,-1,-16,0,12,1,23,-4,-10,-3,6,-4,-12,-4,5,-2,5,-2,-26,-3,21,-5,13,-5,4,-3,20,-7,-29,-9,-20,-4,10,-4,21,-6,-2,-4,9,-3,8,-2,-10,-4,-1,-4,-20,-5,25,-4,-3,-3,-22,-8,24,0,0,0,0,0,0,0,0,0,0,0,0,0,0,0,0,0,0,0,0
-68,-95,15,6,3,127,0,0,0,0,0,0,-2,-28,-1,8,0,-26,0,20,1,-21,0,-26,-1,22,0,7,-1,-23,0,15,0,18,0,-13,0,4,0,-3,-1,22,-1,-12,-1,5,-1,30,-2,10,-1,-5,0,14,0,-15,-2,13,-4,23,-2,-12,-1,8,-3,-13,-5,5,-2,5,-2,-25,-2,22,-3,15,-9,3,-3,20,-6,-30,-7,-22,-4,12,-4,22,-7,-4,-6,8,-3,9,-3,-10,-4,-2,-5,-18,-9,22,-6,-4,-5,-22,-8,21,0,0,0,0,0,0,0,0,0,0,0,0,0,0,0,0,0,0,0,0
-66,-95,15,6,3,128,0,0,0,0,0,0,-1,-28,0,9,0,-23,0,20,-1,-21,0,-26,0,22,0,6,0,-23,0,16,2,18,0,-15,-1,4,-1,-2,0,22,-2,-12,0,5,-1,27,0,11,0,-2,-1,13,0,-15,-1,12,-2,24,-4,-10,-3,5,-2,-12,-5,6,-5,5,-6,-27,-5,21,-5,14,-9,5,-4,21,-4,-29,-8,-19,-3,10,-6,21,-8,-5,-6,9,-3,8,-2,-11,-4,-2,-5,-20,-8,20,-2,-1,-6,-22,-8,20,0,0,0,0,0,0,0,0,0,0,0,0,0,0,0,0,0,0,0,0
-64,-95,15,6,3,129,0,0,0,0,0,0,0,-28,0,6,1,-24,0,19,-1,-21,-1,-26,-1,21,0,6,-1,-24,0,16,-1,18,0,-15,-1,6,0,-3,0,21,-1,-11,0,5,0,28,-2,9,-1,-3,0,14,-2,-15,0,11,-2,26,-3,-10,-2,6,-5,-13,-2,4,-5,6,-6,-28,-2,20,-6,14,-7,4,-4,19,-8,-30,-8,-19,-3,11,-4,22,-3,-3,-6,7,-3,8,-2,-11,-4,-1,-4,-20,-4,24,-4,-4,-6,-23,-7,23,0,0,0,0,0,0,0,0,0,0,0,0,0,0,0,0,0,0,0,0
-67,-95,15,6,3,130,0,0,0,0,0,0,0,-27,-2,6,0,-23,0,19,2,-21,0,-25,0,22,0,6,-1,-23,0,16,-2,18,0,-15,0,4,-1,-1,0,22,-2,-12,-1,7,-2,27,-2,9,-3,-3,-1,14,-2,-17,0,14,-4,24,-3,-8,-1,6,-2,-12,-2,6,-3,5,-5,-26,-4,20,-7,14,-8,3,-5,21,-5,-32,-7,-19,-3,11,-4,20,-8,-5,-4,9,-2,8,-4,-10,-5,-2,-5,-20,-9,24,-5,-3,-4,-21,-5,24,0,0,0,0,0,0,0,0,0,0,0,0,0,0,0,0,0,0,0,0
-63,-95,15,6,3,131,0,0,0,0,0,0,0,-28,-2,7,0,-24,0,19,-1,-20,0,-27,-1,21,0,6,0,-24,0,17,0,18,0,-15,0,4,-3,-3,-1,22,0,-13,-1,6,-3,27,-1,10,-2,-2,0,14,-1,-15,-2,13,-6,23,0,-12,-2,5,-3,-11,-6,5,-1,6,-3,-25,-5,20,-6,15,-8,2,-2,21,-4,-31,-8,-20,-3,11,-6,21,-8,-3,-5,8,-5,8,-3,-11,-3,-2,-6,-20,-6,21,-4,-2,-7,-22,-6,22,0,0,0,0,0,0,0,0,0,0,0,0,0,0,0,0,0,0,0,0
-68,-95,15,6,3,132,0,0,0,0,0,0,0,-28,-1,7,-2,-25,0,20,1,-22,0,-25,0,22,-1,6,0,-25,0,15,0,18,0,-14,0,4,0,0,0,19,0,-13,-1,4,-2,28,0,9,-2,-2,0,13,-2,-15,-3,13,-6,22,-6,-11,-3,4,-5,-13,-6,5,-3,7,-6,-26,-6,21,-4,14,-6,5,-6,21,-5,-30,-8,-24,-3,11,-4,22,-9,-5,-4,9,-4,8,-3,-10,-4,-2,-7,-20,-9,24,-6,-3,-3,-24,-7,22,0,0,0,0,0,0,0,0,0,0,0,0,0,0,0,0,0,0,0,0
-65,-95,15,6,3,133,0,0,0,0,0,0,-2,-28,0,6,0,-25,0,19,1,-22,-1,-24,0,21,0,6,0,-23,0,16,-1,18,0,-15,0,4,-1,-1,-1,22,0,-13,-1,5,-1,28,0,9,-2,-3,-1,13,-1,-16,0,12,-4,27,-4,-9,-3,4,-2,-13,-4,7,-4,6,-5,-28,-3,21,-4,14,-5,4,-5,21,-6,-30,-9,-20,-2,11,-5,20,-7,-5,-6,8,-3,8,-2,-10,-4,-2,-6,-21,-7,25,-7,-2,-6,-24,-7,21,0,0,0,0,0,0,0,0,0,0,0,0,0,0,0,0,0,0,0,0
-64,-95,15,6,3,134,0,0,0,0,0,0,-1,-30,-1,6,-1,-24,0,19,0,-20,-1,-26,0,23,0,6,0,-23,0,16,0,18,-1,-16,0,6,-3,-1,0,21,-2,-13,-2,4,-2,26,-1,9,-3,-3,0,13,-1,-16,-1,12,-1,24,-5,-10,-3,5,-5,-12,-3,5,-4,5,-4,-27,-5,19,-6,15,-8,1,-6,21,-7,-30,-8,-20,-2,11,-3,21,-7,-6,-8,9,-3,6,-3,-9,-6,-2,-3,-20,-4,22,-8,-3,-7,-22,-5,22,0,0,0,0,0,0,0,0,0,0,0,0,0,0,0,0,0,0,0,0
-64,-95,15,6,3,135,0,0,0,0,0,0,-1,-28,0,5,0,-23,0,19,1,-22,-2,-26,0,23,-1,5,0,-24,-1,15,0,17,-1,-15,-1,5,-2,-1,-3,21,-2,-15,-2,5,-2,26,-2,10,0,-2,-2,13,-1,-16,-2,11,-3,22,-4,-11,-4,6,-4,-14,-4,5,-5,7,-8,-25,-3,22,-6,12,-8,2,-3,21,-4,-29,-8,-22,-4,11,-4,21,-10,-5,-6,7,-4,8,-4,-10,-4,-2,-7,-20,-7,23,-8,-3,-5,-22,-6,20,0,0,0,0,0,0,0,0,0,0,0,0,0,0,0,0,0,0,0,0
-63,-95,15,6,3,136,0,0,0,0,0,0,0,-27,0,7,0,-25,0,20,-2,-21,-1,-25,0,23,0,6,0,-25,-2,16,0,17,-1,-16,-2,5,-2,-1,0,20,-1,-12,-1,3,-2,27,-3,10,-5,-3,0,13,-2,-16,-2,13,-6,23,-6,-12,-2,6,-5,-11,-6,5,-5,4,-3,-28,-4,22,-7,14,-8,2,-3,20,-5,-30,-7,-22,-5,11,-5,21,-10,-4,-6,6,-3,8,-3,-11,-5,-3,-5,-20,-9,20,-7,-2,-7,-24,-7,19,0,0,0,0,0,0,0,0,0,0,0,0,0,0,0,0,0,0,0,0
-65,-95,15,6,3,137,0,0,0,0,0,0,-3,-28,-3,6,-1,-25,-1,19,-1,-21,0,-26,-1,22,-1,6,-1,-24,1,15,0,16,0,-15,0,5,-2,-3,-1,22,0,-13,-1,5,-2,28,-3,10,-2,-4,-3,15,-1,-17,-1,12,-6,23,-3,-14,-4,7,0,-12,-7,3,-4,5,-5,-28,-5,21,-7,12,-8,3,-7,20,-4,-31,-9,-21,-3,12,-3,21,-7,-4,-5,9,-3,8,-3,-10,-4,-2,-6,-20,-9,22,-6,-2,-6,-24,-7,20,0,0,0,0,0,0,0,0,0,0,0,0,0,0,0,0,0,0,0,0
-68,-95,15,6,3,138,0,0,0,0,0,0,-1,-29,-1,7,0,-26,0,19,0,-21,0,-26,-1,23,-1,6,-1,-24,-1,15,-1,18,-3,-15,-3,4,-2,-3,-1,21,0,-15,-1,5,-1,26,-1,10,-3,-4,-4,13,-1,-16,-3,11,-5,23,-3,-12,-4,6,-5,-11,-5,5,-4,5,-10,-26,-4,20,-6,14,-6,0,-6,20,-5,-29,-8,-23,-3,10,-5,20,-9,-4,-7,8,-4,8,-5,-11,-5,-2,-5,-21,-12,21,-8,-3,-5,-23,-7,21,0,0,0,0,0,0,0,0,0,0,0,0,0,0,0,0,0,0,0,0
-62,-95,15,6,3,139,0,0,0,0,0,0,-2,-28,-1,6,-1,-24,-1,20,-2,-21,-1,-26,-2,22,0,5,-1,-25,0,14,-2,17,0,-16,0,5,-5,-4,-2,20,-3,-15,-2,6,-1,27,-2,9,-2,-4,0,14,-2,-16,-2,13,-8,22,-6,-11,-4,5,-4,-13,-4,3,-3,5,-6,-28,-4,22,-4,13,-7,0,-7,20,-8,-30,-9,-22,-3,10,-4,22,-8,-5,-5,7,-5,7,-4,-11,-4,-2,-6,-19,-9,23,-6,-2,-5,-23,-7,20,0,0,0,0,0,0,0,0,0,0,0,0,0,0,0,0,0,0,0,0
-66,-95,15,6,3,140,0,0,0,0,0,0,0,-27,-2,6,-2,-25,0,19,0,-21,0,-26,-2,23,0,6,0,-24,0,15,0,17,-1,-16,-1,5,-3,-3,-4,20,-2,-14,-1,6,-3,27,-2,8,-3,-3,-2,13,-2,-16,-4,13,-2,26,-2,-11,-4,3,-5,-12,-6,2,-4,4,-5,-29,-6,19,-9,14,-10,2,-6,21,-4,-27,-8,-21,-4,10,-5,21,-8,-5,-5,7,-4,6,-4,-11,-6,-2,-5,-20,-13,21,-7,-4,-6,-23,-9,20,0,0,0,0,0,0,0,0,0,0,0,0,0,0,0,0,0,0,0,0
-67,-95,15,6,3,141,0,0,0,0,0,0,-2,-29,-2,7,-1,-26,0,18,-1,-22,0,-27,-3,21,-2,7,-2,-24,0,15,-1,17,0,-16,-1,5,-2,-3,-2,21,-3,-13,-2,5,-1,26,-1,10,-3,-3,-2,13,-2,-16,-2,12,-5,22,-4,-11,-4,4,-5,-12,-6,5,-3,6,-6,-28,-5,21,-4,13,-10,0,-6,20,-7,-30,-12,-19,-4,11,-6,22,-10,-3,-7,8,-4,7,-4,-12,-6,-2,-7,-22,-7,23,-7,-4,-6,-23,-9,21,0,0,0,0,0,0,0,0,0,0,0,0,0,0,0,0,0,0,0,0
-67,-95,15,6,3,142,0,0,0,0,0,0,-1,-28,-3,6,0,-25,-1,19,0,-22,-4,-25,-2,21,-1,6,0,-24,-1,16,-1,16,0,-14,-2,5,0,-3,-1,20,-2,-13,-2,4,-2,25,-1,11,-6,-4,-1,13,-3,-16,-2,12,-7,24,-4,-11,-5,4,-5,-13,-4,4,-4,5,-5,-28,-5,21,-8,13,-9,2,-7,20,-8,-29,-9,-21,-4,11,-6,20,-9,-4,-9,8,-3,8,-5,-10,-4,-2,-5,-21,-8,21,-9,-3,-9,-21,-5,20,0,0,0,0,0,0,0,0,0,0,0,0,0,0,0,0,0,0,0,0
-65,-95,15,6,3,143,0,0,0,0,0,0,-2,-29,-1,5,-2,-24,-1,19,-1,-23,0,-25,1,20,0,5,-1,-24,-2,16,-1,18,-1,-14,-3,4,-4,-2,-2,21,-3,-13,-1,4,0,28,-2,11,-3,-5,-2,14,-3,-17,-2,11,-8,23,-3,-13,-3,5,-5,-14,-10,5,-3,5,-8,-25,-6,19,-6,13,-8,1,-6,20,-5,-30,-10,-21,-5,10,-4,21,-9,-3,-7,7,-4,8,-4,-11,-4,-2,-7,-19,-10,23,-7,-6,-8,-25,-9,21,0,0,0,0,0,0,0,0,0,0,0,0,0,0,0,0,0,0,0,0
-67,-95,15,6,3,144,0,0,0,0,0,0,-2,-29,-2,6,-2,-24,0,18,1,-22,-1,-26,-1,21,-1,5,0,-25,-1,15,-2,18,-1,-16,-1,4,-5,-3,-1,20,-4,-13,-2,7,-4,26,0,8,-6,-4,-3,13,-4,-15,-4,12,-4,23,-3,-12,-5,5,-7,-12,-7,4,-5,5,-8,-28,-6,19,-5,12,-6,1,-6,19,-7,-30,-11,-20,-4,10,-5,22,-8,-4,-9,9,-4,7,-5,-11,-6,-3,-5,-20,-11,21,-8,-6,-5,-25,-10,21,0,0,0,0,0,0,0,0,0,0,0,0,0,0,0,0,0,0,0,0
-64,-95,15,6,3,145,0,0,0,0,0,0,-2,-29,-2,7,-2,-25,0,19,-3,-22,-2,-27,-2,22,0,5,-3,-24,-2,17,-1,17,0,-17,-1,4,-2,-3,-2,21,0,-16,-4,5,-3,26,-2,9,-5,-3,-3,13,-1,-18,-3,14,-6,23,-5,-12,-4,5,-4,-13,-7,4,-5,4,-5,-29,-6,21,-9,13,-10,2,-6,21,-7,-31,-9,-24,-5,9,-5,20,-12,-5,-7,8,-5,8,-4,-11,-4,-2,-7,-21,-10,22,-7,-4,-10,-24,-9,22,0,0,0,0,0,0,0,0,0,0,0,0,0,0,0,0,0,0,0,0
-66,-95,15,6,3,146,0,0,0,0,0,0,-2,-29,-3,5,-3,-22,-1,19,-4,-21,-3,-26,0,21,0,6,-1,-24,-2,15,-1,17,0,-15,0,4,-5,-2,-4,21,-5,-14,-1,5,-2,26,-1,10,-4,-4,-2,14,-2,-17,-3,13,-7,23,-8,-11,-5,3,-5,-14,-5,3,-6,5,-5,-27,-5,19,-7,13,-9,2,-8,19,-8,-31,-13,-22,-4,9,-7,21,-8,-6,-8,8,-4,7,-4,-11,-6,-4,-6,-20,-8,23,-5,-2,-6,-22,-8,21,0,0,0,0,0,0,0,0,0,0,0,0,0,0,0,0,0,0,0,0
-62,-95,15,6,3,147,0,0,0,0,0,0,-2,-28,-1,6,-2,-25,-1,20,-3,-23,-1,-27,0,19,-2,6,-2,-24,-2,15,-2,17,-1,-14,-2,5,-3,-1,-1,21,-2,-15,-3,3,-3,27,-2,9,-2,-4,-1,12,-2,-16,-3,12,-5,25,-5,-12,-6,4,-4,-12,-7,4,-3,4,-7,-27,-5,19,-9,14,-10,2,-6,19,-9,-31,-11,-22,-5,10,-4,20,-12,-4,-8,7,-5,7,-4,-11,-6,-2,-5,-21,-13,22,-6,-6,-10,-23,-9,18,0,0,0,0,0,0,0,0,0,0,0,0,0,0,0,0,0,0,0,0
-66,-95,15,6,3,148,0,0,0,0,0,0,-2,-29,-1,4,-4,-24,0,18,0,-22,-2,-25,0,22,0,7,-4,-23,-2,15,-1,18,-3,-16,0,5,-5,-3,-1,21,-2,-15,-2,4,-1,24,-3,9,-1,-3,-2,14,-3,-17,-3,13,-9,22,-7,-14,-5,4,-3,-12,-6,3,-6,4,-6,-27,-5,20,-6,13,-10,3,-5,21,-6,-29,-9,-22,-4,10,-6,21,-10,-7,-10,7,-5,6,-5,-10,-7,-3,-6,-21,-8,22,-7,-2,-11,-26,-9,22,0,0,0,0,0,0,0,0,0,0,0,0,0,0,0,0,0,0,0,0
-63,-95,15,6,3,149,0,0,0,0,0,0,-1,-31,0,5,-2,-24,-1,19,-2,-22,0,-26,-4,21,-1,6,0,-24,-1,15,-1,17,-1,-15,-2,4,-4,-6,-2,20,-3,-14,-4,5,-4,26,-2,9,-6,-3,-2,13,-3,-16,-4,13,-10,22,-5,-10,-4,4,-3,-14,-8,3,-9,4,-8,-28,-6,20,-8,14,-10,2,-7,19,-8,-30,-10,-20,-4,10,-6,20,-10,-4,-7,10,-6,8,-5,-11,-6,-3,-8,-19,-10,23,-7,-4,-7,-24,-10,20,0,0,0,0,0,0,0,0,0,0,0,0,0,0,0,0,0,0,0,0
-64,-95,15,6,3,150,0,0,0,0,0,0,-2,-28,-1,6,-4,-24,-1,19,-2,-22,-5,-25,-3,21,-2,6,0,-22,-3,16,-2,17,-3,-16,-2,5,-5,-4,-3,19,-4,-17,-3,6,-3,26,-2,9,-4,-4,-1,12,-2,-18,-3,12,-8,22,-6,-14,-5,4,-6,-13,-8,3,-4,5,-6,-27,-4,21,-8,13,-8,1,-8,17,-6,-30,-10,-23,-5,10,-4,20,-8,-5,-8,8,-6,8,-4,-12,-7,-3,-4,-20,-10,23,-8,-3,-9,-25,-10,22,0,0,0,0,0,0,0,0,0,0,0,0,0,0,0,0,0,0,0,0
-67,-95,15,6,3,151,0,0,0,0,0,0,-4,-29,-4,6,-3,-25,0,19,-1,-20,-3,-25,0,18,-1,5,-3,-25,-1,15,-2,16,-2,-16,0,5,-4,0,-5,20,0,-15,-2,4,-5,25,-2,8,-3,-4,-3,12,-3,-17,-4,12,-5,22,-5,-13,-4,4,-5,-13,-7,3,-5,6,-7,-28,-8,20,-7,13,-10,3,-8,20,-5,-32,-9,-21,-5,9,-6,20,-11,-6,-9,6,-5,7,-5,-11,-6,-2,-7,-22,-9,20,-8,-3,-7,-22,-6,20,0,0,0,0,0,0,0,0,0,0,0,0,0,0,0,0,0,0,0,0
-63,-95,15,6,3,152,0,0,0,0,0,0,-2,-29,-2,7,-2,-26,-1,19,-4,-22,-3,-25,-2,21,-2,6,-2,-25,0,15,-1,18,0,-16,-4,4,-1,-1,-3,19,-4,-13,-4,4,-3,26,-2,10,-5,-4,-3,14,-3,-15,-3,12,-7,22,-6,-11,-6,5,-6,-12,-7,4,-7,5,-9,-29,-6,20,-7,14,-9,1,-8,20,-7,-32,-11,-22,-5,11,-6,21,-12,-5,-9,7,-4,7,-5,-11,-4,-2,-6,-21,-9,21,-9,-3,-8,-24,-9,20,0,0,0,0,0,0,0,0,0,0,0,0,0,0,0,0,0,0,0,0
-68,-95,15,6,3,153,0,0,0,0,0,0,-3,-29,-3,5,-2,-25,0,19,-3,-22,-6,-27,-3,20,0,5,-3,-23,-3,16,-1,16,-2,-16,-3,4,-5,-2,-2,20,-3,-16,-3,5,-3,26,-3,8,-4,-5,-3,13,-3,-17,-5,11,-7,22,-9,-12,-5,4,-7,-12,-7,5,-7,5,-8,-28,-6,20,-7,13,-12,3,-8,19,-6,-32,-14,-22,-4,10,-5,21,-13,-6,-9,6,-4,7,-6,-11,-5,-3,-8,-21,-12,21,-7,-4,-9,-22,-10,20,0,0,0,0,0,0,0,0,0,0,0,0,0,0,0,0,0,0,0,0
-62,-95,15,6,3,154,0,0,0,0,0,0,-3,-30,-1,7,-3,-26,-1,19,-2,-22,-2,-26,-1,21,-1,5,-3,-24,0,15,-2,18,-2,-15,-2,5,-6,-3,-4,20,-4,-15,-3,4,-2,26,-3,9,-3,-4,-4,14,-3,-18,-2,12,-8,21,-5,-12,-7,5,-6,-12,-7,5,-6,5,-8,-27,-7,19,-7,13,-11,2,-7,20,-7,-32,-11,-21,-4,11,-5,20,-9,-5,-8,6,-5,7,-4,-11,-5,-3,-8,-21,-10,23,-8,-3,-10,-23,-9,20,0,0,0,0,0,0,0,0,0,0,0,0,0,0,0,0,0,0,0,0
-62,-95,15,6,3,155,0,0,0,0,0,0,-5,-29,-3,5,-3,-23,0,19,-3,-22,-3,-26,-1,22,-2,6,-1,-26,-1,13,-1,17,-2,-16,-2,4,-6,-4,-2,20,-5,-14,-2,4,-4,25,-3,9,-6,-5,-3,14,-3,-15,-3,12,-11,21,-8,-14,-4,4,-5,-15,-5,3,-5,4,-6,-29,-5,20,-7,11,-11,0,-9,19,-7,-31,-16,-22,-5,9,-7,21,-7,-4,-7,6,-5,7,-5,-10,-7,-3,-8,-21,-13,20,-11,-5,-10,-24,-10,20,0,0,0,0,0,0,0,0,0,0,0,0,0,0,0,0,0,0,0,0
-68,-95,15,6,3,156,0,0,0,0,0,0,-3,-28,-3,6,-3,-25,0,19,-4,-22,-4,-27,-3,21,-1,5,-4,-25,-1,15,-3,15,-5,-14,-2,3,-5,-5,-2,21,-4,-15,-4,3,-2,26,-4,9,-5,-2,-2,13,-4,-16,-3,13,-11,23,-9,-13,-6,4,-7,-13,-4,3,-4,4,-8,-27,-8,19,-9,13,-10,-1,-8,20,-7,-30,-11,-21,-5,10,-6,20,-8,-7,-9,8,-5,8,-7,-11,-5,-3,-5,-21,-13,23,-8,-4,-8,-25,-4,20,0,0,0,0,0,0,0,0,0,0,0,0,0,0,0,0,0,0,0,0
-67,-95,15,6,3,157,0,0,0,0,0,0,-2,-30,-3,7,-2,-27,-1,19,-3,-21,-2,-25,-2,22,-1,5,-3,-24,-3,15,-3,17,-2,-16,-2,4,-4,-3,-2,18,-4,-14,-3,5,-3,25,-3,9,-5,-3,-2,14,-3,-16,-4,12,-6,21,-8,-13,-6,3,-9,-15,-8,5,-5,5,-9,-28,-6,19,-10,13,-13,0,-8,18,-8,-31,-10,-23,-5,10,-5,20,-13,-5,-9,7,-5,6,-4,-12,-5,-2,-9,-22,-12,21,-8,-4,-8,-25,-9,20,0,0,0,0,0,0,0,0,0,0,0,0,0,0,0,0,0,0,0,0
-68,-95,15,6,3,158,0,0,0,0,0,0,-2,-29,-4,5,-3,-24,-1,19,-4,-23,-3,-27,-1,22,-1,5,-2,-25,-3,14,-1,18,-1,-16,-1,4,-7,-4,-3,19,-6,-16,-4,4,-5,25,-3,9,-6,-2,-3,13,-4,-17,-4,12,-8,23,-8,-12,-5,4,-5,-14,-5,4,-7,5,-6,-28,-5,21,-7,13,-10,3,-7,21,-8,-31,-13,-22,-5,11,-7,20,-13,-5,-8,6,-5,7,-4,-11,-6,-4,-7,-20,-11,22,-9,-3,-10,-24,-10,19,0,0,0,0,0,0,0,0,0,0,0,0,0,0,0,0,0,0,0,0
-64,-95,15,6,3,159,0,0,0,0,0,0,-4,-29,-2,6,-4,-24,-1,19,-4,-23,-2,-28,-4,20,-2,5,-3,-26,0,15,-2,17,0,-17,-2,5,-2,-5,-3,19,-4,-15,-5,4,-3,25,-4,8,-5,-3,-3,14,-4,-16,-3,11,-6,23,-7,-13,-6,5,-7,-13,-8,3,-6,2,-9,-27,-9,19,-9,13,-11,-2,-6,20,-8,-31,-9,-25,-4,10,-6,20,-13,-3,-9,8,-5,7,-3,-11,-6,-3,-7,-20,-11,19,-9,-5,-7,-23,-7,21,0,0,0,0,0,0,0,0,0,0,0,0,0,0,0,0,0,0,0,0
-65,-95,15,6,3,160,0,0,0,0,0,0,-3,-29,-3,6,-4,-25,-1,19,-4,-22,-4,-28,-1,19,-1,6,-4,-25,-1,15,-2,17,-4,-17,-3,5,-3,-4,-2,20,-5,-14,-2,4,-4,26,-3,7,-9,-4,-2,13,-3,-17,-3,11,-9,21,-9,-13,-6,4,-6,-13,-11,3,-5,4,-7,-28,-5,19,-7,11,-11,3,-6,20,-8,-30,-11,-22,-5,10,-6,21,-10,-6,-8,6,-4,8,-6,-11,-6,-2,-6,-22,-10,20,-10,-4,-8,-24,-10,22,0,0,0,0,0,0,0,0,0,0,0,0,0,0,0,0,0,0,0,0
-62,-95,15,6,3,161,0,0,0,0,0,0,-2,-29,-2,5,-1,-25,-1,19,-1,-22,-4,-26,-4,19,-1,5,0,-23,-2,16,-2,17,-2,-16,-3,4,-4,-5,-3,20,-5,-15,-4,3,-5,25,-2,9,-3,-5,-2,14,-3,-17,-4,10,-9,21,-8,-13,-4,4,-6,-12,-9,3,-6,5,-9,-27,-6,20,-8,13,-10,0,-9,19,-9,-31,-12,-21,-6,10,-6,21,-11,-8,-8,7,-5,7,-5,-10,-6,-3,-8,-21,-12,22,-9,-4,-7,-25,-9,19,0,0,0,0,0,0,0,0,0,0,0,0,0,0,0,0,0,0,0,0
-63,-95,15,6,3,162,0,0,0,0,0,0,-2,-29,-4,7,-3,-25,-1,19,-5,-21,-1,-26,-2,20,-1,5,-1,-23,-3,14,-2,18,-2,-16,-2,4,-6,-3,-4,19,-5,-16,-3,3,-4,25,-4,10,-5,-3,-4,13,-3,-16,-5,10,-9,22,-10,-11,-6,4,-4,-15,-8,4,-7,4,-7,-28,-5,19,-8,14,-11,0,-7,19,-7,-31,-17,-23,-4,9,-5,21,-10,-5,-9,8,-4,8,-5,-10,-7,-4,-7,-22,-10,21,-7,-4,-8,-23,-7,20,0,0,0,0,0,0,0,0,0,0,0,0,0,0,0,0,0,0,0,0
-63,-95,15,6,3,163,0,0,0,0,0,0,-2,-29,-2,5,-2,-24,-1,19,-3,-23,-2,-25,-1,21,-1,5,-3,-25,-2,15,-3,16,-2,-15,-2,5,-5,-6,-5,22,-3,-16,-3,4,-5,25,-3,9,-4,-4,-3,13,-3,-16,-4,12,-9,20,-9,-11,-5,5,-7,-12,-10,3,-5,4,-6,-28,-6,20,-8,11,-10,1,-10,19,-10,-31,-15,-21,-4,9,-6,21,-11,-7,-13,6,-5,7,-5,-10,-7,-1,-5,-21,-10,21,-8,-5,-9,-24,-9,20,0,0,0,0,0,0,0,0,0,0,0,0,0,0,0,0,0,0,0,0
-63,-95,15,6,3,164,0,0,0,0,0,0,-2,-29,-4,6,-2,-25,-1,19,-3,-22,-1,-27,-3,20,-2,5,-2,-25,-1,15,-1,16,-2,-16,-2,3,-4,-5,-3,20,-4,-16,-3,6,-5,26,-2,8,-5,-4,-3,13,-3,-17,-5,11,-9,23,-9,-13,-6,3,-5,-12,-9,3,-6,6,-7,-29,-6,20,-10,13,-11,1,-10,18,-8,-30,-9,-22,-5,10,-6,20,-11,-5,-9,5,-4,7,-6,-12,-5,-2,-6,-21,-8,23,-10,-4,-8,-23,-9,18,0,0,0,0,0,0,0,0,0,0,0,0,0,0,0,0,0,0,0,0
-68,-95,15,6,3,165,0,0,0,0,0,0,-3,-29,-3,5,-3,-24,-1,19,-3,-22,-3,-25,-1,21,-2,5,-3,-25,-2,15,0,17,-2,-16,-3,3,-3,-4,-4,19,-3,-16,-3,3,-4,25,-5,9,-6,-4,-4,12,-3,-16,-6,12,-10,21,-6,-13,-6,4,-7,-13,-10,3,-7,4,-8,-27,-6,19,-8,14,-9,1,-7,21,-7,-30,-10,-23,-5,11,-7,21,-10,-5,-9,6,-4,7,-6,-11,-7,-2,-6,-20,-12,20,-10,-5,-6,-25,-7,20,0,0,0,0,0,0,0,0,0,0,0,0,0,0,0,0,0,0,0,0
-66,-95,15,6,3,166,0,0,0,0,0,0,-3,-29,-4,6,-3,-25,-1,19,-3,-23,-3,-28,-2,21,-2,5,-5,-23,-1,16,-1,17,-3,-16,-3,4,-4,-6,-1,19,-4,-15,-4,4,-3,26,-2,9,-3,-5,-3,13,-4,-16,-5,12,-8,22,-9,-11,-5,5,-8,-13,-11,2,-5,4,-5,-27,-5,21,-9,13,-11,0,-9,19,-5,-32,-13,-25,-3,9,-6,22,-14,-6,-9,8,-5,7,-5,-10,-5,-2,-7,-20,-9,21,-10,-4,-6,-24,-9,20,0,0,0,0,0,0,0,0,0,0,0,0,0,0,0,0,0,0,0,0
-68,-95,15,6,3,167,0,0,0,0,0,0,-3,-29,-3,5,-2,-25,0,19,-1,-21,-4,-28,-3,21,-1,6,-5,-25,-2,15,-3,16,-2,-15,-4,5,-3,-4,-4,19,-2,-15,-3,3,-3,26,-3,7,-5,-4,-3,13,-2,-17,-3,12,-11,24,-5,-12,-5,5,-6,-13,-8,4,-7,5,-7,-26,-6,19,-6,11,-11,0,-7,20,-8,-31,-11,-24,-5,9,-5,21,-11,-5,-10,8,-5,7,-5,-12,-6,-2,-9,-21,-10,21,-10,-4,-12,-23,-11,21,0,0,0,0,0,0,0,0,0,0,0,0,0,0,0,0,0,0,0,0
-67,-95,15,6,3,168,0,0,0,0,0,0,-3,-29,-2,4,-2,-25,-1,18,-3,-23,-4,-26,-2,21,-1,5,-4,-25,-1,15,-1,17,-2,-16,-1,5,-7,-3,-5,21,-4,-14,-4,4,-3,26,-2,9,-6,-4,-3,13,-3,-17,-6,11,-13,22,-6,-10,-7,4,-8,-13,-7,4,-5,6,-8,-28,-6,20,-8,13,-11,0,-10,19,-10,-29,-13,-21,-4,10,-5,20,-12,-4,-9,6,-4,7,-5,-12,-5,-2,-7,-21,-13,22,-10,-4,-10,-25,-10,20,0,0,0,0,0,0,0,0,0,0,0,0,0,0,0,0,0,0,0,0
-62,-95,15,6,3,169,0,0,0,0,0,0,-1,-27,-5,5,-4,-25,0,19,-3,-22,-3,-26,-3,20,-2,6,-2,-26,-2,15,-1,16,-2,-16,-3,3,-3,-4,-3,21,-7,-15,-4,3,-3,25,-3,8,-9,-6,-2,13,-3,-16,-4,12,-9,24,-8,-12,-5,4,-5,-12,-11,2,-5,5,-8,-27,-6,19,-8,14,-10,2,-9,20,-8,-31,-15,-21,-5,9,-7,20,-10,-6,-11,8,-6,7,-5,-11,-6,-3,-6,-20,-14,23,-7,-5,-8,-22,-9,20,0,0,0,0,0,0,0,0,0,0,0,0,0,0,0,0,0,0,0,0
-64,-95,15,6,3,170,0,0,0,0,0,0,-2,-29,0,6,-2,-26,-1,19,-2,-24,-2,-27,-1,20,-1,6,-2,-25,-4,14,-2,17,-3,-17,-3,5,-3,-3,-5,20,-4,-16,-2,5,-3,25,-4,8,-4,-2,-4,14,-3,-17,-3,11,-8,21,-8,-13,-6,4,-6,-14,-10,3,-7,3,-8,-28,-6,20,-5,13,-14,1,-9,20,-9,-29,-9,-25,-4,9,-6,21,-12,-4,-8,9,-4,7,-5,-11,-6,-3,-6,-21,-13,21,-9,-3,-8,-24,-6,21,0,0,0,0,0,0,0,0,0,0,0,0,0,0,0,0,0,0,0,0
-64,-95,15,6,3,171,0,0,0,0,0,0,-4,-30,-3,6,-3,-25,0,19,-3,-22,-1,-26,-1,20,-1,6,-4,-27,-3,14,-2,16,-2,-16,-3,4,-6,-3,0,19,-2,-17,-2,3,-5,24,-3,8,-8,-3,-2,13,-4,-16,-3,11,-14,22,-6,-12,-6,6,-7,-11,-8,4,-3,4,-6,-27,-5,20,-8,13,-12,0,-8,21,-9,-32,-11,-23,-3,10,-6,20,-10,-6,-6,6,-6,8,-5,-10,-7,-3,-8,-21,-9,21,-7,-4,-7,-24,-8,20,0,0,0,0,0,0,0,0,0,0,0,0,0,0,0,0,0,0,0,0
-66,-95,15,6,3,172,0,0,0,0,0,0,-3,-30,-1,6,-1,-26,-1,20,-3,-22,-2,-28,-1,22,-2,6,-2,-25,-2,16,-1,17,-1,-15,-4,6,-3,-4,-2,20,-7,-15,-5,5,-5,24,-3,9,-6,-5,-3,13,-4,-17,-4,12,-11,21,-6,-12,-7,5,-5,-13,-9,2,-7,4,-7,-26,-5,20,-8,13,-12,2,-8,19,-6,-32,-10,-24,-5,11,-5,21,-11,-4,-8,7,-5,6,-5,-10,-5,-4,-9,-21,-8,23,-7,-5,-10,-24,-7,18,0,0,0,0,0,0,0,0,0,0,0,0,0,0,0,0,0,0,0,0
-63,-95,15,6,3,173,0,0,0,0,0,0,-4,-30,-2,6,-2,-25,0,19,-3,-21,-3,-27,-3,20,-3,6,-2,-24,-2,15,-2,17,-3,-16,-1,5,-6,-2,-3,21,-4,-16,-4,5,-2,26,-3,8,-7,-4,-3,13,-4,-17,-4,13,-9,18,-9,-13,-5,4,-7,-14,-9,2,-6,5,-6,-29,-7,19,-10,12,-13,0,-8,19,-7,-32,-10,-23,-5,10,-6,20,-12,-5,-7,5,-6,7,-5,-10,-5,-3,-6,-21,-10,22,-8,-4,-7,-22,-9,18,0,0,0,0,0,0,0,0,0,0,0,0,0,0,0,0,0,0,0,0
-68,-95,15,6,3,174,0,0,0,0,0,0,-2,-29,-2,5,-3,-25,-1,19,-2,-24,-2,-26,-2,21,-1,6,-2,-24,-2,13,-2,17,-1,-16,-1,5,-4,-2,-2,19,-4,-13,-1,5,-6,27,-2,8,-6,-3,-4,14,-5,-15,-3,12,-5,22,-7,-12,-5,5,-7,-13,-7,4,-5,6,-8,-28,-8,19,-8,12,-10,1,-7,19,-8,-31,-12,-23,-5,10,-6,21,-8,-5,-8,7,-5,8,-4,-10,-7,-4,-8,-21,-10,19,-9,-4,-9,-24,-5,20,0,0,0,0,0,0,0,0,0,0,0,0,0,0,0,0,0,0,0,0
-65,-95,15,6,3,175,0,0,0,0,0,0,-1,-29,-3,5,-4,-27,0,19,-2,-24,-2,-26,-1,20,-2,6,-2,-24,-1,15,-1,17,-1,-15,-2,4,-4,-5,-2,20,-6,-16,-2,5,-4,24,-2,8,-4,-4,-4,12,-4,-17,-3,11,-6,22,-6,-13,-7,6,-6,-14,-7,2,-7,4,-8,-29,-5,19,-7,11,-12,1,-8,21,-9,-30,-8,-22,-5,10,-5,21,-13,-4,-9,7,-5,7,-5,-11,-5,-2,-7,-20,-9,20,-8,-3,-8,-22,-9,19,0,0,0,0,0,0,0,0,0,0,0,0,0,0,0,0,0,0,0,0
-68,-95,15,6,3,176,0,0,0,0,0,0,-1,-28,-2,7,-2,-26,0,19,-2,-23,-3,-27,-2,21,-1,6,-2,-26,-4,16,-1,16,-2,-16,-1,3,-2,-2,-1,20,-4,-14,-3,3,-5,26,-3,8,-4,-5,-2,13,-3,-17,-5,11,-7,25,-7,-11,-6,5,-7,-12,-9,4,-6,6,-5,-26,-6,20,-7,13,-11,0,-10,17,-10,-32,-11,-21,-5,11,-4,21,-11,-6,-8,6,-4,8,-5,-11,-5,-3,-5,-22,-10,21,-10,-4,-11,-22,-9,20,0,0,0,0,0,0,0,0,0,0,0,0,0,0,0,0,0,0,0,0
-62,-95,15,6,3,177,0,0,0,0,0,0,-2,-29,-2,6,-2,-25,0,19,-5,-21,-1,-26,-1,20,-1,6,-2,-25,-3,17,-2,17,-2,-15,-3,5,-4,-3,-1,21,0,-15,-2,3,-5,25,-3,8,-5,-4,-3,13,-3,-17,-4,12,-11,21,-6,-12,-5,4,-4,-13,-8,2,-5,4,-8,-28,-6,19,-10,12,-11,3,-6,20,-9,-30,-10,-22,-4,10,-6,20,-11,-4,-10,7,-5,7,-4,-11,-4,-3,-6,-22,-9,21,-8,-5,-9,-25,-8,20,0,0,0,0,0,0,0,0,0,0,0,0,0,0,0,0,0,0,0,0
-68,-95,15,6,3,178,0,0,0,0,0,0,-3,-29,-2,5,-3,-25,-1,19,-2,-23,-3,-25,-1,21,-2,5,-2,-26,-3,14,-2,16,-2,-16,-2,4,-6,-4,-2,20,-2,-13,-3,5,-5,26,-3,9,-5,-3,-4,14,-3,-17,-4,12,-5,23,-9,-13,-5,5,-3,-14,-7,3,-5,5,-6,-28,-7,20,-4,14,-11,1,-7,20,-7,-30,-10,-21,-6,11,-5,20,-12,-4,-7,7,-5,8,-5,-11,-6,-3,-8,-22,-7,21,-11,-5,-8,-25,-8,21,0,0,0,0,0,0,0,0,0,0,0,0,0,0,0,0,0,0,0,0
-66,-95,15,6,3,179,0,0,0,0,0,0,-2,-28,-4,5,-2,-25,-1,19,-2,-22,-3,-26,-2,21,-2,5,-2,-23,-1,14,-1,17,-3,-15,-1,5,-6,-2,-4,21,-3,-14,-3,4,-3,25,-2,9,-4,-4,-3,13,-3,-17,-4,12,-10,24,-8,-12,-4,4,-7,-13,-8,5,-5,4,-7,-28,-6,20,-9,12,-9,0,-8,21,-9,-30,-9,-23,-6,10,-6,21,-12,-6,-10,8,-5,7,-2,-11,-5,-3,-6,-21,-9,21,-6,-3,-9,-24,-10,21,0,0,0,0,0,0,0,0,0,0,0,0,0,0,0,0,0,0,0,0
